logL Corr CorrErr
41.637153064271914 -0.14094098030361338 0.003852522709341757
41.63931282836104 -0.1410420147184947 0.003859258336788099
41.64147259245018 -0.1411587507019158 0.0038657562677855513
41.64363235653931 -0.14129094678626306 0.003872020202781349
41.64579212062844 -0.14143836150392458 0.0038780538422228056
41.64795188471757 -0.1416007533872864 0.003883860886557157
41.65011164880671 -0.14177788096873678 0.0038894450362317186
41.652271412895836 -0.14196950278066162 0.0038948099916937275
41.65443117698497 -0.14217537735544938 0.0038999594533904937
41.6565909410741 -0.14239526322548582 0.0039048971217692584
41.658750705163236 -0.1426289189231595 0.003909626697277331
41.660910469252364 -0.14287610298085604 0.003914151880361953
41.6630702333415 -0.14313657393096416 0.003918476371470429
41.66522999743063 -0.1434100903058693 0.003922603871050009
41.667389761519765 -0.14369641063796043 0.003926538079547994
41.66954952560889 -0.14399529345962267 0.00393028269741163
41.67170928969803 -0.14430649730324527 0.003933841425088221
41.67386905378716 -0.1446297807012132 0.003937217963025017
41.67602881787629 -0.1449649021859158 0.003940416011669315
41.67818858196542 -0.14531162028973793 0.003943439271468369
41.68034834605456 -0.145669693545069 0.003946291442869475
41.68250811014369 -0.14603888048429386 0.003948976226319887
41.68466787423282 -0.146418939639802 0.003951497322266901
41.68682763832195 -0.14680962954397805 0.003953858431157774
41.68898740241109 -0.14721070872921174 0.003956063253439795
41.691147166500215 -0.14762193572788754 0.003958115489560228
41.69330693058935 -0.14804306907239526 0.003960018839966359
41.69546669467848 -0.14847386729511935 0.003961777005105452
41.697626458767616 -0.14891408892844973 0.003963393685424792
41.699786222856744 -0.14936349250477057 0.003964872581371646
41.70194598694588 -0.1498218365564721 0.003966217393393296
41.70410575103501 -0.15028887961593826 0.003967431821937011
41.706265515124144 -0.15076438021555938 0.0039685195674500715
41.70842527921327 -0.1512480968877194 0.0039694843303797476
41.71058504330241 -0.15173978816480868 0.003970329811173319
41.71274480739154 -0.15223921257921108 0.003971059710278057
41.71490457148067 -0.15274612866331697 0.003971677728141239
41.7170643355698 -0.1532602949495103 0.003972187565210139
41.71922409965894 -0.15378146997018138 0.003972592921932035
41.721383863748066 -0.15430941225771405 0.003972897498754197
41.7235436278372 -0.1548438803444989 0.003973104996123904
41.72570339192633 -0.15538463276291953 0.003973219114488429
41.72786315601547 -0.15593142804536658 0.003973243554295049
41.730022920104595 -0.15648402472422362 0.003973182015991038
41.73218268419373 -0.15704218133188147 0.003973038200023671
41.73434244828286 -0.1576056564007235 0.003972815806840224
41.736502212371995 -0.15817420846314056 0.00397251853688797
41.738661976461124 -0.15874759605151606 0.003972150090614186
41.74082174055026 -0.15932557769824096 0.003971714168466148
41.74298150463939 -0.1599079119356985 0.003971214470891129
41.74514126872852 -0.16049435729627773 0.003970654698336407
41.74730103281765 -0.16108467231236778 0.0039700385512492515
41.74946079690678 -0.1616786155163518 0.003969369730076944
41.75162056099592 -0.1622759454406209 0.003968651935266754
41.753780325085046 -0.16287642061755828 0.003967888867265962
41.75594008917418 -0.163479799579555 0.003967084226521837
41.75809985326331 -0.16408584085899422 0.0039662417134816615
41.760259617352446 -0.16469430298826704 0.003965365028592704
41.762419381441575 -0.16530494449975663 0.003964457872302243
41.76457914553071 -0.16591752392585413 0.003963523945057552
41.76673890961984 -0.1665317997989426 0.00396256694730591
41.768898673708975 -0.1671475306514132 0.003961590579494584
41.771058437798104 -0.16776447501564912 0.003960598542070859
41.77321820188724 -0.16838239142404143 0.003959594535482001
41.77537796597637 -0.1690010384089733 0.003958582260175294
41.777537730065504 -0.1696201745028358 0.003957565416598005
41.77969749415463 -0.17023955823801207 0.003956547705197415
41.78185725824377 -0.1708589481468933 0.003955532826420794
41.7840170223329 -0.17147810276186257 0.003954524480715423
41.78617678642203 -0.17209678061531108 0.003953526368528571
41.78833655051116 -0.17271474023962183 0.003952542190307519
41.7904963146003 -0.1733317401671861 0.003951575646499536
41.792656078689426 -0.1739475389303869 0.003950630437551903
41.79481584277856 -0.1745618950616154 0.00394971026391189
41.79697560686769 -0.1751745670932547 0.003948818826026776
41.799135370956826 -0.17578531355769605 0.003947959824343833
41.801295135045955 -0.17639389298732241 0.00394713695931034
41.80345489913509 -0.1770000639145251 0.003946353931373567
41.80561466322422 -0.1776035848716871 0.003945614440980795
41.807774427313355 -0.1782042143911996 0.003944922188579294
41.80993419140248 -0.1788017110054457 0.0039442808746163426
41.81209395549162 -0.17939583324681652 0.003943694199539213
41.81425371958075 -0.17998633964769528 0.003943165863795182
41.81641348366988 -0.180572988740473 0.003942699567831524
41.81857324775901 -0.18115553905753287 0.003942299012095515
41.82073301184815 -0.18173374913126594 0.00394196789703443
41.82289277593728 -0.18230737749405557 0.003941709923095543
41.82505254002641 -0.1828761826782926 0.003941528790726131
41.82721230411554 -0.18343992321636038 0.003941428200373468
41.82937206820468 -0.1839983576406498 0.003941411852484828
41.831531832293805 -0.18455124448354437 0.003941483447507488
41.83369159638294 -0.1850983422774347 0.003941646685888723
41.83585136047207 -0.18563940955470448 0.003941905268075804
41.838011124561206 -0.18617420484774438 0.0039422628945160135
41.840170888650334 -0.18670248668893794 0.00394272326565662
41.84233065273947 -0.18722401361067578 0.0039432900819449035
41.8444904168286 -0.18773854414534163 0.003943967043828134
41.846650180917734 -0.18824583682532597 0.003944757851753593
41.84880994500686 -0.1887456501830126 0.003945666206168548
41.850969709096 -0.18923774275079197 0.003946695807520282
41.85312947318513 -0.18972187306104799 0.003947850356256062
41.855289237274256 -0.19019779964616934 0.003949133552823168
41.85744900136339 -0.1906652810385448 0.003950549097668879
41.85960876545252 -0.19112407327449113 0.003952100537170287
41.861768529541656 -0.1915738188562194 0.003953784409791989
41.863928293630785 -0.1920140024754837 0.003955587513121444
41.86608805771992 -0.19244409717060804 0.003957495925435801
41.86824782180905 -0.1928635759799108 0.003959495725012186
41.870407585898185 -0.19327191194171586 0.003961572990127755
41.872567349987314 -0.19366857809434174 0.003963713799059631
41.87472711407645 -0.19405304747611213 0.003965904230084967
41.87688687816558 -0.19442479312534577 0.0039681303614808915
41.879046642254714 -0.19478328808036613 0.003970378271524554
41.88120640634384 -0.1951280053794921 0.003972634038493081
41.88336617043298 -0.19545841806104702 0.003974883740663628
41.88552593452211 -0.19577399916334998 0.003977113456313319
41.88768569861124 -0.19607422172472413 0.003979309263719308
41.88984546270037 -0.19635855878348868 0.00398145724115872
41.89200522678951 -0.1966264833779667 0.003983543466908707
41.894164990878636 -0.19687746854647753 0.0039855540192463975
41.89632475496777 -0.19711098732734397 0.003987474976448941
41.8984845190569 -0.19732651275888566 0.003989292416793466
41.900644283146036 -0.1975235178794252 0.003990992418557126
41.902804047235165 -0.19770147572728236 0.0039925610600170455
41.9049638113243 -0.1978598593407796 0.003993984419450377
41.90712357541343 -0.1979981417582369 0.003995248575134248
41.909283339502565 -0.19811579601797644 0.003996339605345809
41.911443103591694 -0.19821229515831856 0.00399724358836219
41.91360286768083 -0.19828711221758502 0.003997946602460538
41.91576263176996 -0.19833972023409654 0.003998434725917987
41.917922395859094 -0.19836959224617454 0.003998694037011678
41.92008215994822 -0.19837620129214006 0.003998710614018752
41.92224192403736 -0.1983590204103143 0.003998470535216346
41.92440168812649 -0.19831752263901845 0.003997959878881602
41.92656145221562 -0.1982511810165735 0.003997164723291657
41.92872121630475 -0.19815946858130098 0.003996071146723654
41.93088098039389 -0.1980418583715214 0.003994665227454725
41.933040744483016 -0.1978978234255568 0.003992933043762021
41.93520050857215 -0.19772683678172728 0.003990860673922667
41.93736027266128 -0.19752837147835517 0.0039884341962138185
41.939520036750416 -0.19730190055376037 0.003985639688912598
41.941679800839545 -0.19704689704626546 0.003982463230296164
41.94383956492868 -0.19676283399418995 0.003978890898641635
41.94599932901781 -0.19644918443585682 0.003974908772226171
41.948159093106945 -0.19610542140958526 0.00397050292932689
41.95031885719607 -0.19573101795369857 0.003965659448220957
41.95247862128521 -0.19532544710651553 0.003960364407185481
41.95463838537434 -0.19488818190635987 0.003954603884497633
41.956798149463474 -0.19441869539154993 0.00394836395843452
41.9589579135526 -0.19391646060041004 0.0039416307072733196
41.96111767764174 -0.19338095057125793 0.003934390209291126
41.96327744173087 -0.19281163834241832 0.0039266285427651286
41.965437205819995 -0.19220799695221064 0.003918331785972442
41.96759696990913 -0.1915694994389539 0.003909486017190176
41.96975673399826 -0.19089561888519047 0.00390007731619028
41.971916498087396 -0.1901860554045224 0.0038900994375083045
41.974076262176524 -0.18944126474043496 0.0038795716796761093
41.97623602626566 -0.1886618596462753 0.0038685186489292333
41.97839579035479 -0.1878484528754009 0.0038569649515033597
41.980555554443924 -0.18700165718115833 0.0038449351936340162
41.98271531853305 -0.18612208531690555 0.0038324539815568913
41.98487508262219 -0.18521035003598887 0.003819545921507511
41.98703484671132 -0.18426706409176655 0.0038062356197215673
41.98919461080045 -0.18329284023758452 0.00379254768243458
41.99135437488958 -0.1822882912268013 0.0037785067158822476
41.99351413897872 -0.1812540298127626 0.0037641373263000858
41.995673903067846 -0.18019066874882728 0.0037494641199237954
41.99783366715698 -0.17909882078834058 0.0037345117029888874
41.99999343124611 -0.17797909868466188 0.0037193046817310706
42.00215319533525 -0.17683211519113604 0.0037038676623858493
42.004312959424375 -0.17565848306112272 0.0036882252511889362
42.00647272351351 -0.17445881504796637 0.003672402054375833
42.00863248760264 -0.1732337239050271 0.003656422678182251
42.010792251691775 -0.17198382238564897 0.003640311728843697
42.012952015780904 -0.17070972324319247 0.0036240938125958813
42.01511177987004 -0.16941203923100137 0.003607793535674306
42.01727154395917 -0.16809138310243638 0.0035914355043146855
42.019431308048304 -0.16674836761084097 0.0035750443247525208
42.02159107213743 -0.16538360550957623 0.003558644603223526
42.02375083622657 -0.1639977095519853 0.0035422609459632016
42.0259106003157 -0.1625912924914295 0.003525917959207264
42.02807036440483 -0.16116496708125178 0.003509640249191212
42.03023012849396 -0.15971934607481364 0.0034934524221507603
42.0323898925831 -0.1582550422254578 0.0034773790843214115
42.034549656672226 -0.15677266828654612 0.003461444841938878
42.03670942076136 -0.15527283701142097 0.0034456743012386635
42.03886918485049 -0.1537561611534444 0.003430092068456479
42.041028948939626 -0.1522232534659586 0.0034147227498278285
42.043188713028755 -0.1506747267023259 0.003399590951588422
42.04534847711789 -0.14911119361588823 0.003384721279973768
42.04750824120702 -0.14753326696000812 0.0033701383412195708
42.049668005296155 -0.14594155948802728 0.003355866741561344
42.051827769385284 -0.1443366839533085 0.003341931087234788
42.05398753347442 -0.14271925310919326 0.0033283559844754186
42.05614729756355 -0.14108987970904444 0.0033151660395189324
42.058307061652684 -0.1394491765062036 0.003302385858600852
42.06046682574181 -0.1377977562540335 0.003290040047956868
42.06262658983095 -0.1361362317058757 0.0032781532138225064
42.06478635392008 -0.13446521561509311 0.0032667499624334543
42.06694611800921 -0.13278532073502705 0.0032558549000252443
42.06910588209834 -0.1269929905664399 0.0016898949544370669
42.07126564618747 -0.12540179962369116 0.001685963775455441
42.073425410276606 -0.12380018910496907 0.001682096032565185
42.075585174365735 -0.12218864247982753 0.0016783011947267051
42.07774493845487 -0.12056764239210362 0.0016745885273710972
42.079904702544 -0.11893767033171303 0.0016709670764729766
42.082064466633135 -0.11729919581837582 0.0016674447753743807
42.08422423072226 -0.11565259448421113 0.0016640216435967047
42.0863839948114 -0.11399819075423703 0.0016606934989672449
42.08854375890053 -0.11233630444179439 0.0016574559061307375
42.090703522989664 -0.11066725122555968 0.0016543042306501794
42.09286328707879 -0.1089913427378228 0.001651233659600047
42.09502305116793 -0.10730888665808527 0.0016482392217828706
42.09718281525706 -0.10562018681187293 0.0016453158075357905
42.09934257934619 -0.10392554327430742 0.0016424581880952521
42.10150234343532 -0.10222525247833526 0.0016396610344907394
42.10366210752446 -0.10051960732716163 0.0016369189359400074
42.105821871613585 -0.09880889731079671 0.001634226417721009
42.10798163570272 -0.09709340862627085 0.0016315779584972355
42.11014139979185 -0.09537342430143846 0.0016289680070758644
42.112301163880986 -0.09364922432194013 0.0016263909985795738
42.114460927970114 -0.09192108576125942 0.0016238413700154553
42.11662069205925 -0.09018928291346054 0.001621313575225853
42.11878045614838 -0.08845408742856337 0.0016188020992083689
42.120940220237514 -0.08671576845016159 0.0016163014717935737
42.12309998432664 -0.08497459275526431 0.0016138062806712295
42.12525974841578 -0.08323082489598911 0.001611311183756964
42.12741951250491 -0.08148472734311266 0.0016088109208934537
42.12957927659404 -0.07973656063113262 0.0016063003248811384
42.13173904068317 -0.07798658350487483 0.0016037743318354184
42.13389880477231 -0.07623505306732699 0.0016012279908680783
42.136058568861436 -0.07448222492876308 0.0015986564730924165
42.13821833295057 -0.07272835335686915 0.0015960550799521528
42.1403780970397 -0.07097369142796682 0.001593419250875731
42.14253786112884 -0.06921849117907632 0.0015907445702580218
42.144697625217965 -0.06746300376094845 0.0015880267737727715
42.1468573893071 -0.06570747959184145 0.001585261754019317
42.14901715339623 -0.06395216851220566 0.001582445565508238
42.151176917485365 -0.062197319940087946 0.00157957442899056
42.153336681574494 -0.060443183027454495 0.0015766447351360847
42.15549644566363 -0.05869000681728054 0.0015736530475661307
42.15765620975276 -0.05693804040164361 0.0015705961052467435
42.159815973841894 -0.05518753308070793 0.001567470824247916
42.16197573793102 -0.053438734522875266 0.0015642742988749272
42.16413550202016 -0.051691894926031344 0.0015610038021771585
42.16629526610929 -0.049947265180205064 0.0015576567858401435
42.16845503019842 -0.0482050970316126 0.001554230879465586
42.17061479428755 -0.046465643248448395 0.0015507238892443047
42.17277455837669 -0.04472915778844193 0.0015471337960257926
42.174934322465816 -0.042995895968589916 0.0015434587527881113
42.177094086554945 -0.04126611463713899 0.0015396970815103057
42.17925385064408 -0.03954007234824105 0.0015358472694492775
42.18141361473321 -0.037818029539530944 0.001531907964821595
42.183573378822345 -0.03610024871290687 0.001527877971889542
42.185733142911474 -0.03438699461902336 0.001523756245449861
42.18789290700061 -0.032678534445722544 0.001519541884721494
42.19005267108974 -0.03097513801102061 0.0015152341266278853
42.192212435178874 -0.029277075465916336 0.0015108324273379488
42.194372199268 -0.02758454079495419 0.0015063391688056936
42.19653196335714 -0.02589763762087223 0.00150176007922575
42.19869172744627 -0.024216467492267933 0.0014971010462179186
42.2008514915354 -0.022541135219960234 0.001492367923603133
42.20301125562453 -0.020871748802151476 0.0014875665319237941
42.20517101971367 -0.01920841935021855 0.0014827026588583837
42.207330783802796 -0.01755126101493147 0.0014777820595325741
42.20949054789193 -0.01590039091255021 0.0014728104567278738
42.21165031198106 -0.014255929050604091 0.0014677935409897406
42.213810076070196 -0.012617998252812223 0.0014627369706359564
42.215969840159325 -0.010986724082953645 0.0014576463716670057
42.21812960424846 -0.009362234767152118 0.0014525273375790917
42.22028936833759 -0.007744661114387864 0.001447385429081442
42.222449132426725 -0.006134136434707334 0.0014422261737184788
42.22460889651585 -0.0045307964549472805 0.0014370550653984933
42.22676866060499 -0.0029347792314512416 0.0014318775638294538
42.22892842469412 -0.0013462250595998918 0.0014266990938636814
42.231088188783254 0.00023472362035757333 0.001421525044752145
42.23324795287238 0.001807922321341981 0.0014163607693103329
42.23540771696152 0.003373224611853175 0.001411211582996684
42.23756748105065 0.0049304822229094885 0.0014060827629058393
42.23972724513978 0.0064795451600012785 0.0014009795466780528
42.24188700922891 0.008020261820202745 0.001395907131327433
42.24404677331805 0.009552479114903414 0.001390870671990818
42.246206537407176 0.011076042598281073 0.001385875280600474
42.24836630149631 0.012590796601948678 0.001380926024483004
42.25052606558544 0.0140965843758672 0.001376027924888271
42.252685829674576 0.01559324823591948 0.0013711859554514372
42.254845593763704 0.017080629718198972 0.0013664050405926313
42.25700535785284 0.01855856974036132 0.001361690053858169
42.25916512194197 0.02002690877004441 0.0013570458162086656
42.261324886031105 0.021485487000647424 0.0013524770942588635
42.26348465012023 0.022934144534415182 0.0013479885984754533
42.26564441420937 0.024372721573049184 0.0013435849813387027
42.2678041782985 0.025801058615720514 0.0013392708354751743
42.26996394238763 0.02721899666462456 0.0013350506917684123
42.27212370647676 0.02862637743786899 0.0013309290174559505
42.2742834705659 0.030023043589741078 0.0013269102142206418
42.27644323465503 0.031408838938049355 0.0013229986162857487
42.27860299874416 0.032783608698478725 0.0013191984885229347
42.28076276283329 0.03414719972554605 0.0013155140245837012
42.28292252692242 0.03549946075997158 0.001311949345064537
42.285082291011555 0.03684024535858117 0.0013085084210671678
42.287242055100684 0.03816949078503316 0.001305192885757806
42.28940181918982 0.03948723150346387 0.0013020016934411065
42.29156158327895 0.040793510877177815 0.0012989336022254663
42.293721347368084 0.04208837590833522 0.001295987326910927
42.29588111145721 0.04337187718929992 0.0012931615458774846
42.29804087554635 0.04464406884691649 0.0012904549078699516
42.30020063963548 0.045905008479513634 0.00128786603866761
42.30236040372461 0.047154757050646055 0.00128539354796925
42.30452016781374 0.04839335153410592 0.001283036295720136
42.30667993190288 0.04962075607415554 0.0012807938665443258
42.308839695992006 0.050836924401519386 0.0012786659854073373
42.31099946008114 0.052041812660584 0.001276652401310677
42.31315922417027 0.05323537918334685 0.0012747528945390451
42.315318988259406 0.05441758426547772 0.0012729672835340739
42.317478752348535 0.05558838994467577 0.0012712954313764916
42.31963851643767 0.05674775978177424 0.0012697372518582976
42.3217982805268 0.05789565864480912 0.0012682927151271477
42.323958044615935 0.059032052496530374 0.001266961852885102
42.326117808705064 0.06015690818560111 0.0012657447631246519
42.3282775727942 0.0612701932419849 0.0012646416143851777
42.33043733688333 0.062371875676790416 0.0012636526495139293
42.332597100972464 0.06346192378708909 0.00126277818891612
42.33475686506159 0.06454030596599183 0.0012620186332798608
42.33691662915073 0.06560699051850982 0.0012613744657624499
42.33907639323986 0.0666619454834947 0.0012608462536258288
42.34123615732899 0.06770513846218415 0.0012604346493101052
42.34339592141812 0.06873653645364977 0.001260140390935515
42.34555568550726 0.06975610569766555 0.0012599643022245428
42.347715449596386 0.07076381152528631 0.0012599072918375736
42.34987521368552 0.07175961821763761 0.0012599703521170421
42.35203497777465 0.0727434888731899 0.0012601545572368427
42.354194741863786 0.07371538528399142 0.0012604610607555998
42.356354505952915 0.07467526782110699 0.0012608910925742936
42.35851427004205 0.07562309532970025 0.0012614459553007846
42.36067403413118 0.07655882503397085 0.001262127020025762
42.362833798220315 0.07748241245233821 0.001262935721516836
42.364993562309444 0.07839381132303824 0.0012638735528395252
42.36715332639858 0.07929297354046927 0.0012649420594161972
42.36931309048771 0.08017984910239954 0.0012661428325360495
42.371472854576844 0.08105438606830959 0.001267477502331581
42.37363261866597 0.08191653052891905 0.0012689477302389757
42.37579238275511 0.08276622658710112 0.0012705552009622072
42.37795214684424 0.08360341635016517 0.0012723016139624965
42.38011191093337 0.0844280399336342 0.0012741886744971397
42.3822716750225 0.08524003547642307 0.0012762180842333336
42.38443143911164 0.08603933916746384 0.0012783915314649329
42.386591203200766 0.08682588528360609 0.0012807106809614487
42.3887509672899 0.08759960623875435 0.0012831771634807408
42.39091073137903 0.08836043264399233 0.0012857925649779646
42.393070495468166 0.08910829438704006 0.0012885584739701721
42.395230259557295 0.08984315637324965 0.0012914785302540858
42.39739002364642 0.09056502849527981 0.0012945589573564568
42.39954978773556 0.09127392286438359 0.0012978060561931119
42.40170955182469 0.09196985109342636 0.0013012260340243597
42.40386931591382 0.09265282451371928 0.0013048250039207707
42.40602908000295 0.09332285439258954 0.0013086089844270943
42.40818884409209 0.09397995215110112 0.0013125838994375912
42.410348608181216 0.09462412958115247 0.0013167555782942167
42.41250837227035 0.09525539906128258 0.0013211297561186656
42.41466813635948 0.09587378969724261 0.0013257111570212786
42.41682790044862 0.09647944580198321 0.001330497865720648
42.418987664537745 0.0970725633474199 0.0013354850792523174
42.42114742862688 0.09765334063074094 0.0013406679817952235
42.42330719271601 0.0982219779754259 0.001346041776077628
42.425466956805145 0.09877867763570268 0.0013516017008560245
42.427626720894274 0.09932364370059105 0.0013573430462806358
42.42978648498341 0.09985708199817334 0.0013632611671659748
42.43194624907254 0.10037920000057224 0.001369351494195061
42.434106013161674 0.100890206730189 0.0013756095430970732
42.4362657772508 0.1013903126675988 0.0013820309218457371
42.43842554133994 0.10187972966156786 0.001388611335934455
42.44058530542907 0.10235867084150532 0.0013953465917891795
42.4427450695182 0.10282735053272755 0.0014022325983864593
42.44490483360733 0.10328598417476771 0.0014092653671466868
42.44706459769647 0.10373478824302633 0.0014164410101769518
42.449224361785596 0.10417398017392124 0.0014237557369384038
42.45138412587473 0.10460377829375801 0.0014312058494155755
42.45354388996386 0.1050244017514126 0.0014387877358638368
42.455703654052996 0.1054360704549809 0.001446497863212166
42.457863418142125 0.10583900501242996 0.0014543327681956586
42.46002318223126 0.10623342667634776 0.0014622890472919846
42.46218294632039 0.1066195572927783 0.001470363345532057
42.464342710409525 0.1069976192541923 0.0014785523442540271
42.466502474498654 0.10736783545653987 0.0014868527478648604
42.46866223858779 0.10773042926039847 0.0014952612696719277
42.47082200267692 0.10808562445613235 0.0015037746168415273
42.472981766766054 0.10843364523304651 0.0015123894745389822
42.47514153085518 0.10877471615243112 0.0015211024892989912
42.47730129494432 0.10910906212445678 0.0015299102516723804
42.47946105903345 0.10943690838880264 0.0015388092781891704
42.48162082312258 0.10975848049896392 0.0015477959926752292
42.48378058721171 0.11007400431011233 0.0015568667069534214
42.48594035130085 0.11038370597044855 0.001566017600957517
42.488100115389976 0.11068781191591727 0.001575244702280742
42.49025987947911 0.11098654886822164 0.0015845438651782885
42.49241964356824 0.1112801438360101 0.0015939107490367693
42.494579407657376 0.11156882411917399 0.0016033407963211555
42.496739171746505 0.1118528173161343 0.0016128292100035066
42.49889893583564 0.11213235133406277 0.0016223709304755084
42.50105869992477 0.11240765350869375 0.001631960501097533
42.5032184640139 0.1126789120975364 0.0016415872792134563
42.505378228103034 0.11294626157203398 0.0016512336688256936
42.50753799219216 0.11320983285319995 0.0016608813811646226
42.5096977562813 0.1134697574041503 0.00167051192974873
42.51185752037043 0.11372616740247556 0.0016801066374460187
42.51401728445956 0.11397919590825346 0.001689646642727529
42.51617704854869 0.11422897702822077 0.0016991129050855707
42.51833681263783 0.11447564607673662 0.0017084862095945196
42.520496576726956 0.11471933973417023 0.001717747170592459
42.52265634081609 0.1149601962034508 0.001726876234465538
42.52481610490522 0.11519835321084232 0.0017358540198967704
42.526975868994356 0.11543389979958103 0.0017446689154631714
42.529135633083484 0.11566687461320418 0.0017533173824838153
42.53129539717262 0.11589731351604736 0.001761796506897327
42.53345516126175 0.11612525171860087 0.0017701036898940296
42.535614925350885 0.11635072369206326 0.001778236681540558
42.53777468944001 0.11657376308316152 0.00178619361035672
42.53993445352915 0.1167944026291381 0.001793973009003513
42.54209421761828 0.1170126740727677 0.0018015738362221886
42.54425398170741 0.117228608077326 0.0018089954951502854
42.54641374579654 0.11744223414139503 0.0018162378481245945
42.54857350988568 0.11765358051344756 0.0018233012280697203
42.55073327397481 0.11786267410611456 0.0018301864465574925
42.55289303806394 0.1180695404100949 0.001836894798613339
42.55505280215307 0.11827420340762959 0.0018434280643344941
42.55721256624221 0.11847668548551468 0.0018497885073775326
42.559372330331335 0.11867700734759194 0.0018559788703633243
42.56153209442047 0.11887518792670532 0.0018620023672416158
42.5636918585096 0.11907124429607685 0.0018678626726495837
42.565851622598736 0.11926519158010412 0.0018735639082941302
42.568011386687864 0.11945704286454671 0.0018791106263811375
42.570171150777 0.11964680910611629 0.0018845077901114469
42.57233091486613 0.11983449904145134 0.0018897607512579453
42.574490678955264 0.12002011909550392 0.0018948752248356645
42.57665044304439 0.12020367328933115 0.0018998572608724458
42.57881020713353 0.12038516314733275 0.0019047132132861413
42.58096997122266 0.12056458760393839 0.0019094497058708766
42.58312973531179 0.12074194290979837 0.0019140735953941325
42.58528949940092 0.12091722253749516 0.0019185919318038187
42.58744926349006 0.12109041708683921 0.0019230119155444392
42.589609027579186 0.12126151418978062 0.001927340851979722
42.59176879166832 0.12143049841501088 0.0019315861029196382
42.59392855575745 0.12159735117229924 0.0019357550352487993
42.59608831984659 0.12176205061664978 0.0019398549666544086
42.598248083935715 0.1219245715523355 0.001943893108451718
42.60040784802485 0.12208488533690857 0.001947876505506773
42.60256761211398 0.12224295978525448 0.0019518119732566648
42.604727376203115 0.1223987590738013 0.001955706031829965
42.606887140292244 0.12255224364496511 0.001959564837271113
42.60904690438137 0.1227033707091997 0.0019633942346061113
42.61120666847051 0.12285212645453955 0.001967206371389683
42.61336643255964 0.12299854371176687 0.0019710230083100264
42.61552619664877 0.12314265812895323 0.0019748661428213477
42.6176859607379 0.12328450441454045 0.0019787571798419172
42.61984572482704 0.12342411655937434 0.0019827169384738588
42.622005488916166 0.1235615280672537 0.0019867656589535347
42.6241652530053 0.12369677219407278 0.0019909230100560345
42.62632501709443 0.12382988219545357 0.001995208097168314
42.628484781183566 0.1239608915826352 0.001999639471237561
42.630644545272695 0.12408983438619978 0.002004235138791031
42.63280430936183 0.12421674542707334 0.0020090125732138138
42.63496407345096 0.12434166064213031 0.002013988708475279
42.637123837540095 0.12446462999717282 0.0020191750523069116
42.639283601629224 0.12458573557042131 0.002024571318395898
42.64144336571836 0.12470506754441009 0.0020301755103062404
42.64360312980749 0.12482272022396873 0.0020359856472566907
42.645762893896624 0.12493879213472543 0.0020419998407302286
42.64792265798575 0.12505338610494657 0.002048216366799255
42.65008242207489 0.12516660933047657 0.002054633734068855
42.65224218616402 0.12527857342256707 0.0020612507471453566
42.65440195025315 0.12538939443845853 0.0020680665655458874
42.65656171434228 0.14505370285214841 0.0010839917220364598
42.65872147843142 0.1451545284408633 0.0010870697428783807
42.660881242520546 0.14525620526889677 0.0010902792504877518
42.66304100660968 0.1453587992971389 0.0010936200482467209
42.66520077069881 0.1454623810901512 0.0010970920868334862
42.667360534787946 0.145567025875613 0.0011006954721110732
42.669520298877075 0.14567281356926803 0.001104430471765669
42.67168006296621 0.14577982876580295 0.0011082975206999173
42.67383982705534 0.14588816069607838 0.0011122972251852944
42.675999591144475 0.145997903151175 0.001116430365778214
42.6781593552336 0.14610915437372884 0.001120697899003786
42.68031911932274 0.14622201691709988 0.0011251009578124957
42.68247888341187 0.14633659747295832 0.0011296408508151554
42.684638647501004 0.14645300666797328 0.0011343190603038385
42.68679841159013 0.14657135883035838 0.0011391372390675719
42.68895817567927 0.14669177172716127 0.0011440972060150847
42.6911179397684 0.14681436627328123 0.0011492009406190616
42.69327770385753 0.14693926621336206 0.001154450576201072
42.69543746794666 0.14706659777782813 0.0011598483920796016
42.6975972320358 0.1471964893145185 0.0011653968046094706
42.699756996124925 0.14732907089751218 0.0011710983571451645
42.70191676021406 0.14746447391493842 0.0011769557089674589
42.70407652430319 0.1476028306377144 0.0011829716232176885
42.706236288392326 0.14774427377135474 0.0011891489538916106
42.708396052481454 0.14788893599314268 0.001195490631950181
42.71055581657059 0.14803694947714569 0.0012019996506125114
42.71271558065972 0.14818844540968665 0.0012086790499016547
42.71487534474885 0.14834355349804995 0.00121553190052168
42.71703510883798 0.14850240039178075 0.0012225612561318664
42.71919487292712 0.14866503517719526 0.0012297680110226025
42.72135463701625 0.14883138139271032 0.0012371494845019257
42.723514401105376 0.14900134826736636 0.0012447025781885195
42.72567416519451 0.1491748422998696 0.0012524241021561499
42.72783392928364 0.1493517675487583 0.0012603107790638704
42.729993693372776 0.1495320259193273 0.0012683592484338268
42.732153457461905 0.1497155174454628 0.0012765660710260932
42.73431322155104 0.14990214056477985 0.0012849277332648186
42.73647298564017 0.15009179238562934 0.0012934406516719114
42.738632749729305 0.15028436894478234 0.001302101177269913
42.740792513818434 0.15047976545475972 0.001310905599917762
42.74295227790757 0.15067787654000336 0.0013198501525487124
42.7451120419967 0.15087859646122437 0.001328931015281574
42.747271806085834 0.15108182122001426 0.001338144441161558
42.74943157017496 0.15128745786492545 0.0013474873534226992
42.7515913342641 0.1514954172445539 0.0013569568873748
42.75375109835323 0.15170561007551508 0.0013665501328929356
42.75591086244236 0.1519179471352764 0.0013762641398472816
42.75807062653149 0.1521323394433792 0.0013860959235525287
42.76023039062063 0.15234869842556106 0.0013960424698528943
42.762390154709756 0.15256693606138505 0.0014061007398478735
42.76454991879889 0.15278696501607855 0.0014162676742676423
42.76670968288802 0.15300869875727272 0.00142654019750638
42.768869446977156 0.15323205165740675 0.0014369152213251234
42.771029211066285 0.15345693908253122 0.001447389648234623
42.77318897515542 0.15368327746830063 0.0014579603745716258
42.77534873924455 0.15391098438389894 0.0014686242932804403
42.777508503333685 0.15413997858468487 0.0014793782964142807
42.779668267422814 0.15437018005428407 0.001490219277368925
42.78182803151195 0.15460151003688846 0.0015011441328636303
42.78398779560108 0.15483389106045373 0.0015121497646819737
42.786147559690214 0.1550672469515118 0.001523233081187484
42.78830732377934 0.1553015028422403 0.0015343909986264394
42.79046708786848 0.15553658517045 0.001545620442232238
42.79262685195761 0.15577242167307376 0.0015569183471430765
42.79478661604674 0.15600894137375754 0.0015682816591466207
42.79694638013587 0.15624607456507159 0.0015797073352625268
42.79910614422501 0.15648375278587884 0.0015911923441755758
42.801265908314136 0.15672190879431339 0.001602733666529262
42.80342567240327 0.15696047653684025 0.0016143282950915562
42.8055854364924 0.15719939111378534 0.0016259732348015848
42.807745200581536 0.15743858874174368 0.0016376655027078404
42.809904964670665 0.15767800671319232 0.0016494021278055412
42.8120647287598 0.15791758335365616 0.0016611801507826402
42.81422449284893 0.15815725797669541 0.0016729966236809818
42.816384256938065 0.15839697083700618 0.0016848486094810146
42.81854402102719 0.15863666308185034 0.0016967331816154859
42.82070378511632 0.15887627670105292 0.0017086474234194386
42.82286354920546 0.1591157544757408 0.0017205884275211859
42.825023313294594 0.1593550402713149 0.00173255330355145
42.82718307738372 0.15959410976717597 0.0017445399242312538
42.82934284147285 0.15983299425584438 0.0017565475059701059
42.83150260556199 0.16007173037731773 0.0017685753921748558
42.833662369651115 0.16031035438989136 0.0017806229141521257
42.83582213374025 0.1605489022068932 0.0017926893917053453
42.83798189782938 0.16078740943178862 0.0018047741336967
42.840141661918516 0.16102591139175548 0.001816876438576635
42.842301426007644 0.16126444316978208 0.0018289955948810606
42.84446119009678 0.16150303963538387 0.0018411308816988481
42.84662095418591 0.16174173547398146 0.0018532815691096058
42.848780718275044 0.16198056521503199 0.0018654469185942241
42.85094048236417 0.16221956325894973 0.0018776261834180666
42.85310024645331 0.1624587639029012 0.0018898186089892008
42.85526001054244 0.1626982013655067 0.0019020234331914299
42.85741977463157 0.16293790564208296 0.001914239926629296
42.8595795387207 0.16317783264765182 0.0019264680623767862
42.86173930280984 0.1634178737208943 0.0019387084253987882
42.863899066898966 0.16365791642441854 0.001950961630555686
42.8660588309881 0.16389784655564038 0.001963228303809888
42.86821859507723 0.16413754811935402 0.0019755090829259667
42.87037835916637 0.1643769033054944 0.0019878046180896764
42.872538123255495 0.1646157924719766 0.0020001155724466086
42.87469788734463 0.1648540941325569 0.002012442622563709
42.87685765143376 0.16509168494961574 0.0020247864588141774
42.879017415522895 0.1653284397318209 0.0020371477856887484
42.881177179612024 0.16556423143658058 0.002049527322033675
42.88333694370116 0.16579893137090837 0.0020619258048358595
42.88549670779029 0.16603243273494442 0.00207434442800966
42.887656471879424 0.1662646733192488 0.002086785260162465
42.88981623596855 0.19102014488508332 0.0009086348433961441
42.89197600005769 0.19112801913171729 0.0009192271594759904
42.89413576414682 0.19123998208159118 0.0009296396636618709
42.89629552823595 0.19135577821098534 0.0009398805295336092
42.89845529232508 0.19147516485926097 0.0009499575381562034
42.90061505641422 0.19159791125759493 0.0009598781082148353
42.902774820503346 0.1917237976464614 0.0009696493235366599
42.90493458459248 0.19185261447310642 0.0009792779582625346
42.90709434868161 0.19198416166121582 0.0009887704999000642
42.909254112770746 0.1921182479458629 0.0009981331704654733
42.911413876859875 0.19225469026754155 0.0010073719458970395
42.91357364094901 0.1923933132197811 0.0010164925739048838
42.91573340503814 0.19253394854538622 0.0010255005904023582
42.917893169127275 0.19267643467688492 0.0010344013346507755
42.920052933216404 0.19282061631718814 0.0010431999632336266
42.92221269730554 0.19296634405689037 0.0010519014629662678
42.92437246139467 0.1931134740249622 0.0010605106628344724
42.926532225483804 0.19326186756992822 0.0010690322450476139
42.92869198957293 0.19341139096886936 0.0010774707552819718
42.93085175366207 0.19356191516186558 0.0010858306121839607
42.9330115177512 0.19371331551280102 0.0010941161169098987
42.935171281840326 0.19386547194574696 0.0011023315484599441
42.93733104592946 0.19401826896359994 0.0011104812559699431
42.93949081001859 0.19417159471466786 0.0011185695155372197
42.941650574107726 0.19432534073883015 0.0011266005167435338
42.943810338196855 0.1944794018185343 0.001134578368402547
42.94597010228599 0.19463367584284166 0.0011425071039324222
42.94812986637512 0.19478806368336365 0.001150390686382016
42.950289630464255 0.194942469081055 0.001158233013138151
42.95244939455338 0.19509679854288406 0.0011660379203373911
42.95460915864252 0.19525096124750907 0.0011738091870052542
42.95676892273165 0.19540486895912654 0.0011815505389421754
42.958928686820784 0.19555843594875494 0.001189265652375429
42.96108845090991 0.19571157892224086 0.0011969581573929558
42.96324821499905 0.1958642169543614 0.0012046316411752336
42.96540797908818 0.19601627142841221 0.001212289651038367
42.96756774317731 0.19616766646345865 0.0012199356969762637
42.96972750726644 0.19631838918971417 0.0012275732136225808
42.97188727135558 0.19646854854154394 0.001235205522894693
42.974047035444706 0.19661826989486916 0.0012428359074066703
42.97620679953384 0.19676768095696123 0.0012504676223349172
42.97836656362297 0.19691691154232555 0.0012581038977918576
42.980526327712106 0.1970660933614957 0.0012657479410691254
42.982686091801234 0.19721535982224567 0.0012734029387563184
42.98484585589037 0.19736484584278857 0.0012810720587423737
42.9870056199795 0.19751468767653538 0.001288758452104513
42.989165384068635 0.19766502274804174 0.0012964652548908286
42.99132514815776 0.1978159894997677 0.0013041955898005274
42.9934849122469 0.19796772724932504 0.001311952567767074
42.99564467633603 0.19812037605687632 0.0013197392894475004
42.99780444042516 0.19827407097097227 0.00132755892255595
42.99996420451429 0.19842891364059428 0.0013354150835866575
43.00212396860343 0.19858499334799917 0.0013433115520582943
43.004283732692556 0.1987423994543606 0.0013512521020137389
43.00644349678169 0.19890122133201438 0.0013592405026878886
43.00860326087082 0.19906154828461659 0.0013672805194136176
43.01076302495996 0.19922346947601804 0.0013753759144838368
43.012922789049085 0.19938707386757779 0.0013835304479699073
43.01508255313822 0.1995524501636731 0.0013917478784982774
43.01724231722735 0.1997196867651281 0.0014000319639854496
43.019402081316485 0.19988887173031733 0.0014083864623330267
43.021561845405614 0.2000600927436639 0.0014168151320828244
43.02372160949475 0.20023343709128716 0.0014253217330337195
43.02588137358388 0.20040899164351597 0.001433910026820118
43.028041137673014 0.20058684284402245 0.0014425837774536745
43.03020090176214 0.2007670767052884 0.0014513467518280543
43.03236066585128 0.20094977881015672 0.0014602027201883528
43.03452042994041 0.2011350343191812 0.001469155456564912
43.03668019402954 0.20132292798352355 0.0014782087391731248
43.03883995811867 0.20151354416310957 0.0014873663507789432
43.0409997222078 0.2017069667790614 0.0014966320774191097
43.043159486296936 0.20190326716197549 0.0015060094302214084
43.045319250386065 0.2021024905660211 0.0015155013318275932
43.0474790144752 0.2023046793674647 0.001525110641079172
43.04963877856433 0.20250987646482616 0.0015348402301705115
43.051798542653465 0.2027181252907438 0.0015446929846447733
43.053958306742594 0.20292946982314802 0.0015546718032445987
43.05611807083173 0.2031439545958538 0.0015647795976261453
43.05827783492086 0.20336162470862731 0.001575019291942823
43.060437599009994 0.20358252583680475 0.0015853938223069626
43.06259736309912 0.2038067042404806 0.0015959061361352925
43.06475712718826 0.2040342067733117 0.0016065591913860123
43.06691689127739 0.20426508089091905 0.0016173559556927999
43.06907665536652 0.20449937465890172 0.0016282994054030177
43.07123641945565 0.20473713676041297 0.0016393925245248755
43.07339618354479 0.20497841650328347 0.0016506383035902572
43.075555947633916 0.20522326382661307 0.0016620397384373552
43.07771571172305 0.20547172930678978 0.0016735998289192683
43.07987547581218 0.20572383550854692 0.0016853216336803931
43.082035239901316 0.20597946562217487 0.0016972084861472578
43.084195003990445 0.2062384609537124 0.0017092638004882828
43.08635476807958 0.20650066362029723 0.0017214909860971822
43.08851453216871 0.20676591647695572 0.0017338934460687319
43.090674296257845 0.2070340630347787 0.0017464745756444943
43.09283406034697 0.2073049473808589 0.001759237760609471
43.09499382443611 0.20757841409992472 0.0017721863756435191
43.09715358852524 0.20785430819755277 0.0017853237826284697
43.099313352614374 0.20813247502489599 0.0017986533289142475
43.1014731167035 0.2084127602048135 0.0018121783455443273
43.10363288079264 0.20869500955934558 0.0018259021454433433
43.10579264488177 0.20897906903841898 0.0018398280215666083
43.1079524089709 0.20926478464973247 0.0018539592450139092
43.11011217306003 0.20955200221892495 0.0018682990823490411
43.11227193714917 0.20984056322068959 0.001882851255216963
43.114431701238296 0.21013030452355844 0.0018976199579983674
43.11659146532743 0.21042105997741356 0.0019126093650342518
43.11875122941656 0.21071262168083163 0.001927823472992395
43.120910993505696 0.21100474825106524 0.00194326612682033
43.123070757594824 0.21129719692855087 0.0019589411262191923
43.12523052168396 0.21158972446564445 0.0019748522264119977
43.12739028577309 0.2118820870954108 0.0019910031357389855
43.129550049862225 0.2121740405001255 0.0020073975131939844
43.13170981395135 0.2124653397794104 0.0020240389659002453
43.13386957804049 0.21275573941798365 0.002040931046527336
43.13602934212962 0.21304499325295054 0.002058077250647026
43.13818910621875 0.21333285444062283 0.0020754810140293655
43.14034887030788 0.21361907542279426 0.0020931457098763966
43.14250863439702 0.2139034078924673 0.002111074645994297
43.14466839848615 0.21418560275896292 0.002129271061900904
43.146828162575275 0.2144654101124089 0.002147738125868966
43.14898792666441 0.21474257935446422 0.0021664789374340084
43.15114769075354 0.21501690325410727 0.00218549798909574
43.153307454842675 0.2152882783418684 0.002204803192402043
43.155467218931804 0.21555661794810269 0.002224403015309874
43.15762698302094 0.2158218378811464 0.0022443060102590217
43.15978674711007 0.21608385668076677 0.0022645208246337774
43.161946511199204 0.2163425958249339 0.002285056210059824
43.16410627528833 0.21659797989029592 0.0023059210305227435
43.16626603937747 0.21684993666666325 0.002327124269293264
43.1684258034666 0.21709839722568303 0.0023486750346362693
43.17058556755573 0.21734329594392582 0.002370582564282892
43.17274533164486 0.2175845704806002 0.00239285622864015
43.174905095734 0.21782216171025412 0.0024155055327181965
43.177064859823126 0.21805601361091254 0.0024385401167533994
43.17922462391226 0.21828607310833956 0.0024619697555142107
43.18138438800139 0.21851228987728158 0.002485804356277614
43.183544152090526 0.21873461610086004 0.0025100539554755437
43.185703916179655 0.21895300618951574 0.002534728714013758
43.18786368026879 0.21916741646126658 0.002559838911279692
43.19002344435792 0.21937780292616793 0.0025853948212610175
43.192183208447055 0.219584097863059 0.0026114052123166003
43.194342972536184 0.21978621900898745 0.00263787778229571
43.19650273662532 0.2199840880769448 0.0026648202971907417
43.19866250071445 0.22017763038697696 0.002692240602679764
43.200822264803584 0.2203667740291433 0.002720146607331088
43.20298202889271 0.22055144900141282 0.0027485462643570607
43.20514179298185 0.22073158632916226 0.0027774475520721594
43.20730155707098 0.22090711717277425 0.0028068584532118038
43.20946132116011 0.2210779719297285 0.0028367869332803623
43.21162108524924 0.22124407933735266 0.0028672409180954643
43.21378084933838 0.22140536558222254 0.0028982282707051854
43.215940613427506 0.22156175342190598 0.002929756767850033
43.21810037751664 0.22171316132448343 0.0029618340761479777
43.22026014160577 0.22185950263090465 0.0029944677281723638
43.222419905694906 0.2220006847952563 0.0030276650983772887
43.224579669784035 0.22213667695728584 0.0030614330837200592
43.22673943387317 0.22226764390966566 0.003095777499790993
43.2288991979623 0.22239377844791536 0.003130703783607293
43.231058962051435 0.2225152789760416 0.0031662172025914864
43.233218726140564 0.22263239954821737 0.003202323043790718
43.2353784902297 0.2227454000928433 0.0032390263880980774
43.23753825431883 0.22285452876507844 0.0032763320189862274
43.239698018407964 0.22296002155751746 0.003314244403969308
43.24185778249709 0.2230621019583382 0.003352767677196176
43.24401754658623 0.22316098065450748 0.0033919056232314514
43.24617731067536 0.2232568552771854 0.003431661662054934
43.24833707476449 0.22334991018607256 0.0034720388352997163
43.25049683885362 0.2234403162890561 0.0035130397937233548
43.25265660294275 0.22352823089319762 0.0035546667858970065
43.254816367031886 0.22361379758280506 0.003596921648073424
43.25697613112102 0.2236971460181581 0.003639805789163948
43.25913589521015 0.22377834789087628 0.003683317565378755
43.26129565929928 0.22385735262190148 0.00372744830786958
43.263455423388415 0.22393408875589332 0.003772188177114495
43.26561518747754 0.22400848272244064 0.003817527269680062
43.26777495156668 0.22408045903303986 0.003863455640823878
43.26993471565581 0.2241499403342806 0.00390996332160054
43.27209447974494 0.22421684732719366 0.003957040330800275
43.27425424383407 0.22428109856267847 0.004004676682057403
43.27641400792321 0.22434261012268905 0.004052862386482517
43.27857377201234 0.22440129519638885 0.004101587451160502
43.28073353610147 0.22445706355989808 0.004150841873857409
43.2828933001906 0.22450982096752747 0.004200615634254265
43.28505306427974 0.22455946846160812 0.004250898682016799
43.287212828368865 0.22460590160716357 0.004301680921977092
43.289372592458 0.22464900965679932 0.004352952196688638
43.29153235654713 0.22468867465027664 0.004404702266579236
43.293692120636265 0.2247247704523525 0.004456920787909464
43.295851884725394 0.22475716173156948 0.00450959728870601
43.29801164881453 0.22478570288182173 0.004562721142822505
43.30017141290366 0.22481024074402856 0.004616281658690977
43.302331176992794 0.224830894469797 0.004670276543755134
43.30449094108192 0.22484826514987477 0.004724718275731784
43.30665070517106 0.22486303051999146 0.004779621868428948
43.30881046926019 0.22487590500823243 0.004835003637052159
43.31097023334932 0.22488764287919807 0.0048908812617641986
43.31312999743845 0.22489904102997432 0.004947273838685714
43.31528976152759 0.2249109414151164 0.0050042019175717085
43.317449525616716 0.22492423307337386 0.005061687525307473
43.31960928970585 0.2249398537256771 0.0051197541743402564
43.32176905379498 0.22495879091200052 0.005178426855153871
43.323928817884116 0.22498208263417738 0.0052377320119515736
43.326088581973245 0.22501081747260607 0.005297697500790313
43.32824834606238 0.22504613414710561 0.005358352529555944
43.33040811015151 0.22508922049595342 0.005419727579333981
43.332567874240645 0.22514131185237415 0.005481854306962067
43.334727638329774 0.22520368880437533 0.005544765428794789
43.33688740241891 0.22527761736288363 0.005608494464812018
43.33904716650804 0.22536384675152116 0.0056730745257785355
43.341206930597174 0.22546285006536992 0.005738538666318777
43.3433666946863 0.22557513247286853 0.0058049206566474255
43.34552645877544 0.22570128952676807 0.005872266575891079
43.34768622286457 0.2258420250780828 0.005940638574000516
43.3498459869537 0.225998070910528 0.006010099697105581
43.35200575104283 0.2261701742886961 0.006080712567751864
43.35416551513197 0.22635909074222874 0.006152539175265428
43.356325279221096 0.22656557660089113 0.006225640665868365
43.35848504331023 0.22679038138332355 0.006300077135249191
43.36064480739936 0.22703424014551526 0.006375907426267702
43.362804571488496 0.22729786589620313 0.006453188934420453
43.364964335577625 0.22758194211955637 0.006531977424776967
43.36712409966675 0.22788706053009666 0.0066123278892472786
43.36928386375589 0.22821361331092532 0.006694296257782893
43.37144362784502 0.22856191376665996 0.006777936870300587
43.373603391934154 0.22893221720376541 0.0068633018681393205
43.37576315602328 0.22932471535352872 0.006950441112699516
43.37792292011242 0.22973953145579196 0.007039402123554395
43.38008268420155 0.23017671604428455 0.007130230036312947
43.38224244829068 0.23063624345979383 0.007222967580151087
43.38440221237981 0.23111800910255553 0.0073176550745425355
43.38656197646895 0.23162182742089288 0.007414330444398279
43.388721740558076 0.23214743061934295 0.0075130292524963355
43.39088150464721 0.2326944680570094 0.007613784747836599
43.39304126873634 0.2332625062955914 0.007716627928315581
43.395201032825476 0.233851029747098 0.0078215876159667
43.397360796914604 0.234459441863407 0.007928690542873066
43.39952056100374 0.23508706680410307 0.008037961445815008
43.40168032509287 0.23573315151498553 0.008149423167675952
43.403840089182005 0.23639686814770514 0.008263096763682141
43.40599985327113 0.23707731675056817 0.008379001610599188
43.40815961736027 0.23777352816199646 0.008497155517138066
43.4103193814494 0.23848446704072607 0.008617574833934537
43.41247914553853 0.23920870139605105 0.008740263433755837
43.41463890962766 0.23994343925174327 0.00886518053751766
43.4167986737168 0.24068564246154736 0.00899227775498945
43.41895843780593 0.24143238913094764 0.009121511070745068
43.42111820189506 0.24218087425490226 0.009252840776532942
43.42327796598419 0.2429284074033543 0.009386231316452144
43.42543773007333 0.24367240808851684 0.009521651065800685
43.427597494162455 0.24441039937507295 0.00965907206168573
43.42975725825159 0.24514000021915142 0.009798469700775274
43.43191702234072 0.24585891694776782 0.009939822416935702
43.434076786429856 0.2465649342208486 0.010083111349131067
43.436236550518984 0.24725590575414333 0.010228320007786737
43.43839631460812 0.24792974502482082 0.010375433945976464
43.44055607869725 0.2485844161320429 0.010524440440158423
43.442715842786384 0.24921792494278186 0.01067532818386919
43.44487560687551 0.24982831061758665 0.010828086996641697
43.44703537096465 0.250413637581887 0.010982707549542184
43.44919513505378 0.25097200051816365 0.011139181532053514
43.45135489914291 0.25150226808587417 0.011297526835967079
43.45351466323204 0.25200453668478984 0.011457803010142468
43.45567442732118 0.2524790787753746 0.011620075668549768
43.457834191410306 0.2529261097916379 0.011784407852758074
43.45999395549944 0.2533449296549351 0.011950826711451085
43.46215371958857 0.25373447223175183 0.012119344908815242
43.46431348367771 0.25409375930190037 0.012289978137337875
43.466473247766835 0.25442190259037906 0.012462745042386782
43.46863301185597 0.25471810243826387 0.012637667015080518
43.4707927759451 0.25498164544713375 0.01281476794475048
43.47295254003423 0.2552119011928462 0.012994073937349334
43.475112304123364 0.25540849285086686 0.013175623829668604
43.47727206821249 0.25557167267815084 0.013359492386822292
43.47943183230163 0.25570189894609635 0.013545764004376482
43.48159159639076 0.2557997281255387 0.013734525953866674
43.48375136047989 0.25586580846838947 0.01392586792745422
43.48591112456902 0.25590087248515675 0.01411988153014805
43.48807088865816 0.25590572837718883 0.014316659722137118
43.490230652747286 0.2558812504853362 0.01451629621380133
43.49239041683642 0.25582836881911797 0.014718884816054045
43.49455018092555 0.255748057732254 0.014924518748650872
43.496709945014686 0.2556413238115232 0.015133289909136923
43.498869709103815 0.25550919304626074 0.015345288105027013
43.50102947319295 0.25535269734534877 0.015560600251785635
43.50318923728208 0.2551728604672928 0.01577930953901972
43.505349001371215 0.2549706834268275 0.01600149456718807
43.507508765460344 0.25474712943851724 0.016227228456883812
43.50966852954948 0.2545031084539055 0.016456577932536586
43.51182829363861 0.2542394613440147 0.016689602382019587
43.513988057727744 0.2539569437732432 0.016926352893313193
43.51614782181687 0.2536562098040852 0.01716687126887506
43.51830758590601 0.25333779526436884 0.017411189017880194
43.52046734999514 0.25300210090002123 0.017659326325819093
43.52262711408427 0.2526494390966868 0.017911296954436495
43.5247868781734 0.2522806623018321 0.018167168342839483
43.52694664226254 0.2518969083528678 0.018427041095947568
43.529106406351666 0.251499178486175 0.01869101082962464
43.5312661704408 0.2510883321818451 0.018959168101934553
43.53342593452993 0.2506650887922171 0.019231598969581844
43.535585698619066 0.25023002966943686 0.01950838557959801
43.537745462708195 0.24978360090474735 0.019789606797997506
43.53990522679733 0.24932611676171115 0.020075338874783858
43.54206499088646 0.2488577638566779 0.02036565614231237
43.544224754975595 0.24837860611174734 0.020660631741839068
43.54638451906472 0.24788859047835804 0.0209603383708796
43.54854428315386 0.24738755340297228 0.021264849042025618
43.55070404724299 0.24687522798057718 0.021574237841907224
43.552863811332124 0.2463512517166442 0.02188858067733303
43.55502357542125 0.2458151747944889 0.02220795599407888
43.55718333951039 0.24526646872261912 0.022532445452636742
43.55934310359952 0.24470453521655186 0.02286213454427069
43.56150286768865 0.2441287151518167 0.023197113130272434
43.56366263177778 0.24353773849139868 0.023537481995027938
43.56582239586692 0.242927717258388 0.023883374750182616
43.567982159956046 0.24229405653399663 0.02423493636688139
43.57014192404518 0.24163223398946038 0.024592315592851022
43.57230168813431 0.2409385619520369 0.024955864322112754
43.574461452223446 0.24021121504585036 0.025326396251143506
43.576621216312574 0.23944885043210642 0.025704804863841767
43.5787809804017 0.238650397793374 0.02609200312565751
43.58094074449084 0.23781507317064404 0.026488924317557002
43.58310050857997 0.23694238849626867 0.02689652250987329
43.5852602726691 0.23603215699207653 0.027315772699802964
43.58742003675823 0.23508449463068531 0.02774767063740451
43.58957980084737 0.23409981788752446 0.028193232366201065
43.591739564936496 0.23307883804012378 0.02865349350548341
43.59389932902563 0.23202255229751031 0.029129508302385393
43.59605909311476 0.23093223206561686 0.029622348482332625
43.5982188572039 0.22980940867261715 0.030133101926863186
43.600378621293025 0.22865585689123616 0.030662871207673126
43.60253838538216 0.22747357660206569 0.031212772005435215
43.60469814947129 0.2262647729435065 0.03178393144107116
43.606857913560425 0.2250318352893655 0.03237748634617225
43.609017677649554 0.22377731538564577 0.03299458149775256
43.61117744173869 0.2225039049632116 0.03363636784098074
43.61333720582782 0.22121441312445553 0.03430400072154507
43.615496969916954 0.21991174377954684 0.03499863814740421
43.61765673400608 0.2185988733831535 0.03572143909740348
43.61981649809522 0.21727882919543756 0.036473561892174405
43.62197626218435 0.21595466826348383 0.037256162640378766
43.62413602627348 0.21462945729077842 0.03807039377132263
43.62629579036261 0.2133062535346444 0.03891740266269091
43.62845555445175 0.21198808684412648 0.039798330370290194
43.630615318540876 0.21067794292526335 0.04071431046461534
43.63277508263001 0.20937874789623248 0.04166646797746375
43.63493484671914 0.20809335417288022 0.042655918460024214
43.637094610808276 0.20682452770470625 0.043683767152600556
43.639254374897405 0.20557493656365608 0.04475110826463955
43.64141413898654 0.20434714087200606 0.045859024362805895
43.64357390307567 0.2031435840422536 0.0470085858636626
43.645733667164805 0.2019665852900962 0.048200850626917355
43.647893431253934 0.20081833337223975 0.04943686364429408
43.65005319534307 0.19970088149275297 0.05071765681879247
43.6522129594322 0.1986161433158399 0.05204424882844476
43.654372723521334 0.19756589001809596 0.05341764506864587
43.65653248761046 0.19655174831036193 0.054838837666685306
43.6586922516996 0.19557519935708603 0.05630880556229841
43.66085201578873 0.19463757852043506 0.05782851464776801
43.66301177987786 0.19374007585621933 0.059398917961476595
43.66517154396699 0.19288373728975344 0.06102095592864214
43.66733130805613 0.1920694664011078 0.06269555664347805
43.669491072145256 0.1912980267515078 0.06442363618693014
43.67165083623439 0.1905700446850352 0.0662060989747539
43.67381060032352 0.1898860125429228 0.06804383813065006
43.675970364412656 0.1892462922308231 0.06993773587985816
43.678130128501785 0.18865111908306328 0.07188866395857423
43.68028989259092 0.18810060597137465 0.07389748403528504
43.68244965668005 0.187594747609435 0.07596504814006481
43.68460942076918 0.1871334250081832 0.0780921990986224
43.68676918485831 0.18671641004070483 0.08027977096786475
43.68892894894745 0.21166569066721466 0.09356616292905837
43.69108871303658 0.21124700649934328 0.09624585026234238
43.69324847712571 0.2108574144438855 0.0990016041895134
43.69540824121484 0.2104953562121226 0.10183449353285987
43.69756800530397 0.210159171439365 0.10474558087133702
43.69972776939311 0.2098471028781403 0.10773592286936748
43.701887533482235 0.2095573014777852 0.11080657059789327
43.70404729757137 0.2092878313375352 0.11395856984715746
43.7062070616605 0.20903667452245356 0.11719296143022377
43.708366825749636 0.20880173573348382 0.12051078147701424
43.710526589838764 0.20858084682479874 0.12391306171811221
43.7126863539279 0.2083717711632255 0.12740082975835793
43.71484611801703 0.20817220782607945 0.13097510933967513
43.717005882106164 0.20797979563503344 0.134636920593361
43.71916564619529 0.20779211702489855 0.13838728028142538
43.72132541028443 0.2076067017472062 0.1422272020273777
43.72348517437356 0.20742103040945897 0.14615769653615768
43.72564493846269 0.20723253785168833 0.15017977180373837
43.72780470255182 0.2070386163626976 0.15429443331617604
43.72996446664096 0.20683661873893103 0.15850268423873606
43.732124230730086 0.20662386118945017 0.16280552559491845
43.73428399481922 0.20639762609088305 0.1672039564360892
43.73644375890835 0.20615516459659153 0.1716989740015672
43.73860352299749 0.20589369910453295 0.17629157386992922
43.740763287086615 0.20561042558854867 0.18098275010139034
43.74292305117575 0.3040818191202363 0.22331619632723368
43.74508281526488 0.3045721308524187 0.22914964555856507
43.747242579354015 0.30501068485444893 0.23510302546236472
43.749402343443144 0.30539367624168456 0.24117747792130245
43.75156210753228 0.30571728315974667 0.2473741436183856
43.75372187162141 0.30597766870945103 0.2536941621751285
43.755881635710544 0.30617098274172 0.2601386722806468
43.75804139979967 0.30629336352910774 0.26670881181150796
43.76020116388881 0.3063409393204617 0.27340571794347657
43.76236092797794 0.3063098297849972 0.28023052725493336
43.76452069206707 0.3061961473518927 0.2871843758231003
43.7666804561562 0.30599599845127895 0.2942683993127959
43.76884022024534 0.30570548466227204 0.30148373305884746
43.770999984334466 0.30532070377349596 0.3088315121418221
43.7731597484236 0.3048377507612697 0.31631287145820036
43.77531951251273 0.30425271869046655 0.3239289457845922
43.777479276601866 0.30356169954274786 0.3316808698371118
43.779639040690995 0.30276078497674414 0.3395697783254533
43.78179880478013 0.30184606702442424 0.3475968060027772
43.78395856886926 0.30081363872780775 0.3557630877108907
43.786118332958395 0.2996595947198141 0.3640697584218283
43.788278097047524 0.5740849972640751 0.555930257449572
43.79043786113665 0.5901021692720353 0.5698917370481402
43.79259762522579 0.6065609850193289 0.5841159891237071
43.794757389314924 0.6234667690874102 0.5986055686437254
43.79691715340405 0.6408248460577282 0.613363030575644
