logL Corr CorrErr
41.52291013879713 -0.09837513593948326 0.00536252470867975
41.524929618062494 -0.09786982392821858 0.005340763316641153
41.52694909732786 -0.09738318669088876 0.005319967451679661
41.52896857659322 -0.09691504467447955 0.005300125636627289
41.530988055858586 -0.09646521832597667 0.005281226394316046
41.53300753512395 -0.09603352809236572 0.005263258247577945
41.535027014389314 -0.09561979442063256 0.005246209719244997
41.53704649365467 -0.09522383775776426 0.005230069332149273
41.539065972920035 -0.09484547855074366 0.005214825609122668
41.5410854521854 -0.09448453724655798 0.005200467072997254
41.54310493145076 -0.0941408342921929 0.005186982246605041
41.54512441071613 -0.09381419013463416 0.005174359652778043
41.54714388998149 -0.0935044252208675 0.005162587814348273
41.549163369246855 -0.09321135999787857 0.005151655254147742
41.55118284851222 -0.09293481491265315 0.0051415504950084595
41.55320232777758 -0.09267461041217691 0.00513226205976244
41.55522180704295 -0.09243056694343564 0.005123778471241696
41.55724128630831 -0.09220250495341499 0.005116088252278239
41.559260765573676 -0.09199024488910071 0.00510917992570408
41.56128024483903 -0.09179360719747916 0.005103042014351251
41.5632997241044 -0.09161241232553471 0.005097663041051724
41.56531920336976 -0.09144648072025377 0.005093031528637531
41.567338682635125 -0.09129563282862208 0.005089135999940684
41.56935816190049 -0.09115968909762533 0.005085964977793198
41.57137764116585 -0.09103846997424922 0.005083506985027081
41.57339712043122 -0.09093179590547958 0.005081750544474349
41.57541659969658 -0.09083948733830197 0.00508068417896701
41.577436078961945 -0.09076136471970223 0.005080296411337078
41.57945555822731 -0.09069724849666605 0.005080575764416566
41.58147503749267 -0.0906469591161791 0.005081510761037486
41.58349451675804 -0.09061031702522714 0.005083089924031848
41.5855139960234 -0.09058714267079589 0.005085301776231665
41.58753347528876 -0.09057725649987107 0.0050881348404689395
41.58955295455412 -0.09058047895943831 0.0050915776395757005
41.591572433819486 -0.09059663049648345 0.005095618696383955
41.59359191308485 -0.09062553155799213 0.005100246533725711
41.595611392350214 -0.09066700259095013 0.005105449674432984
41.59763087161558 -0.09072086404234314 0.005111216641337782
41.59965035088094 -0.09078693635915688 0.005117535957272122
41.60166983014631 -0.09086503998837706 0.005124396145068013
41.60368930941167 -0.09095499537698941 0.005131785727557466
41.605708788677035 -0.09105662297197963 0.0051396932275724954
41.6077282679424 -0.09116974322033347 0.005148107167945113
41.60974774720776 -0.09129417656903664 0.005157016071507331
41.61176722647313 -0.09142974346507482 0.005166408461091157
41.613786705738484 -0.09157626435543326 0.005176272859528575
41.61580618500385 -0.09173355968709866 0.00518659778965166
41.61782566426921 -0.09190144990705627 0.005197371774292395
41.619845143534576 -0.09207975546229179 0.00520858333628279
41.62186462279994 -0.09226829679979093 0.005220220998454855
41.623884102065304 -0.09246689436653942 0.005232273283640605
41.62590358133067 -0.09267536860952301 0.005244728714672051
41.62792306059603 -0.09289353997572737 0.0052575758143812035
41.629942539861396 -0.09312122891213825 0.005270803105600078
41.63196201912676 -0.09335825586574133 0.0052843991111606835
41.633981498392124 -0.09360444128352234 0.005298352353895032
41.63600097765749 -0.09385960561246703 0.00531265135663514
41.638020456922845 -0.09412356929956019 0.005327284642212961
41.64003993618821 -0.09439615279178934 0.005342240733460615
41.64205941545357 -0.0946771765361393 0.00535750815321006
41.64407889471894 -0.09496646097959581 0.005373075424293309
41.6460983739843 -0.09526382656914457 0.005388931069542376
41.648117853249666 -0.09556909375177128 0.005405063611789268
41.65013733251503 -0.09588208297446169 0.005421461573866003
41.652156811780394 -0.09620261468420152 0.00543811347860459
41.65417629104576 -0.0965305093279765 0.005455007848837041
41.65619577031112 -0.09686558735277229 0.00547213320739537
41.658215249576486 -0.09720766920557465 0.005489478077111584
41.66023472884185 -0.0975565753333693 0.005507030980817702
41.662254208107214 -0.09791212618314195 0.005524780441345731
41.66427368737257 -0.09827414220187705 0.005542714981527622
41.666293166637935 -0.09864244383656284 0.005560823124195514
41.6683126459033 -0.09901685153418377 0.00557909339218135
41.67033212516866 -0.09939718574172558 0.00559751430831715
41.67235160443403 -0.09978326690617403 0.005616074395434921
41.67437108369939 -0.10017491547451474 0.00563476217636668
41.676390562964755 -0.1005719518937335 0.005653566173944432
41.67841004223012 -0.10097419661081601 0.005672474911000195
41.68042952149548 -0.101381470072748 0.005691476910365979
41.68244900076085 -0.10179359272651514 0.005710560694873796
41.68446848002621 -0.10221038501910322 0.005729714787355657
41.686487959291576 -0.10263166739749792 0.005748927710643575
41.68850743855694 -0.10305726030868494 0.005768187987569561
41.6905269178223 -0.1034869841996485 0.005787484140965562
41.69254639708766 -0.10392065951737735 0.005806804693663724
41.694565876353025 -0.10435810670885569 0.00582613816849599
41.69658535561839 -0.10479914622106927 0.005845473088294374
41.69860483488375 -0.10524359850100375 0.005864797975890886
41.70062431414912 -0.10569128399564488 0.005884101354117541
41.70264379341448 -0.10614202315197845 0.005903371745806348
41.704663272679845 -0.10659563641699003 0.00592259767378932
41.70668275194521 -0.10705194423766547 0.005941767660898473
41.70870223121057 -0.1075107670609904 0.005960870229965811
41.71072171047594 -0.10797192533395059 0.005979893903823352
41.7127411897413 -0.1084352395035317 0.005998827205303105
41.71476066900666 -0.1089005300167179 0.00601765865723702
41.71678014827202 -0.10936761732049813 0.006036376782457238
41.718799627537386 -0.10983632186185645 0.006054970103795705
41.72081910680275 -0.11030646408777861 0.006073427144084435
41.722838586068114 -0.11077786444525038 0.006091736426155438
41.72485806533348 -0.11125034338125735 0.006109886472840724
41.72687754459884 -0.11172372134278535 0.006127865806972312
41.72889702386421 -0.11219781877682003 0.006145662951382207
41.73091650312957 -0.11267245613034718 0.006163266428902426
41.732935982394935 -0.11314745385035246 0.006180664762364977
41.7349554616603 -0.11362263168303688 0.006197846527466374
41.73697494092566 -0.11409776421362673 0.006214803706673128
41.73899442019103 -0.11457255417609859 0.006231533702633295
41.741013899456384 -0.11504669790206512 0.006248034400964423
41.74303337872175 -0.1155198917231441 0.006264303687284234
41.74505285798711 -0.11599183197094809 0.006280339447210278
41.747072337252476 -0.11646221497709147 0.006296139566360159
41.74909181651784 -0.11693073707318856 0.006311701930351488
41.751111295783204 -0.11739709459085372 0.00632702442480187
41.75313077504857 -0.11786098386170124 0.00634210493532891
41.75515025431393 -0.1183221012173455 0.00635694134755022
41.757169733579296 -0.1187801429894008 0.006371531547083398
41.75918921284466 -0.11923480550948155 0.0063858734195460605
41.761208692110024 -0.119685785109202 0.006399964850555811
41.76322817137539 -0.12013277812017648 0.006413803725730249
41.76524765064075 -0.12057548087401945 0.006427387930686996
41.76726712990611 -0.12101358970234358 0.006440715351043599
41.76928660917147 -0.12144680093676634 0.006453783872417767
41.77130608843684 -0.1218748109089005 0.006466591380427055
41.7733255677022 -0.12229731595036043 0.006479135760689072
41.775345046967566 -0.1227140123927604 0.006491414898821423
41.77736452623293 -0.12312459656771488 0.006503426680441718
41.779384005498294 -0.12352876480683804 0.0065151689911675595
41.78140348476366 -0.12392621344174433 0.00652663971661656
41.78342296402902 -0.12431663880404803 0.006537836742406321
41.785442443294386 -0.12469973722536348 0.00654875795415445
41.78746192255975 -0.12507520503730507 0.006559401237478557
41.789481401825114 -0.1254427385714871 0.00656976447799625
41.79150088109047 -0.12580203415952262 0.006579845561325095
41.793520360355835 -0.12615278813302855 0.006589642373082772
41.7955398396212 -0.1264946968236179 0.006599152798886855
41.79755931888656 -0.1268274565629051 0.0066083747243549495
41.79957879815193 -0.12715076368250433 0.006617306035104659
41.80159827741729 -0.12746431451403006 0.006625944616753594
41.803617756682655 -0.12776780538909657 0.006634288354919362
41.80563723594802 -0.1280609326393182 0.0066423351352195665
41.80765671521338 -0.1283433925963093 0.006650082843271817
41.80967619447875 -0.1286148815916842 0.006657529364693716
41.81169567374411 -0.1288750959570572 0.006664672585102877
41.813715153009476 -0.1291237320240427 0.006671510390116905
41.81573463227484 -0.12936048612425502 0.006678040665353405
41.8177541115402 -0.12958505458930766 0.006684261296429957
41.81977359080556 -0.12979713375081664 0.006690170168964224
41.821793070070925 -0.12999641994039546 0.006695765168573783
41.82381254933629 -0.13018260948965835 0.00670104418087624
41.82583202860165 -0.13035539873021978 0.006706005091489206
41.82785150786702 -0.130514483993694 0.0067106457860302855
41.82987098713238 -0.13065956161169542 0.006714964150117084
41.831890466397745 -0.13079032791583828 0.0067189580693672105
41.83390994566311 -0.130906479237737 0.006722625429398271
41.83592942492847 -0.1310077119090059 0.006725964115827874
41.83794890419384 -0.1310937222612593 0.006728972014273624
41.8399683834592 -0.1311642066261115 0.006731647010353131
41.841987862724565 -0.1312189525895688 0.006733987781913151
41.84400734198992 -0.1312581291494849 0.006735996318044752
41.846026821255286 -0.13128200493766345 0.006737675472815681
41.84804630052065 -0.13129084858620735 0.006739028100296267
41.850065779786014 -0.13128492872721953 0.006740057054556844
41.85208525905138 -0.13126451399280303 0.006740765189667752
41.85410473831674 -0.13122987301506073 0.006741155359699321
41.856124217582106 -0.1311812744260957 0.006741230418721892
41.85814369684747 -0.13111898685801088 0.006740993220805798
41.860163176112835 -0.13104327894290926 0.006740446620021374
41.8621826553782 -0.1309544193128938 0.00673959347043896
41.86420213464356 -0.13085267660006755 0.006738436626128888
41.86622161390893 -0.13073831943653338 0.006736978941161493
41.868241093174284 -0.1306116164543948 0.00673522326960712
41.87026057243965 -0.13047283628575393 0.0067331724655360905
41.87228005170501 -0.1303222475627141 0.006730829383018749
41.874299530970376 -0.13016011891737833 0.006728196876125428
41.87631901023574 -0.12998671898184955 0.006725277798926465
41.878338489501104 -0.12980231638823084 0.006722075005492196
41.88035796876647 -0.12960717976862507 0.006718591349892955
41.88237744803183 -0.12940157775513528 0.0067148296861990805
41.884396927297196 -0.1291857789798644 0.006710792868480904
41.88641640656256 -0.1289600520749155 0.006706483750808767
41.888435885827924 -0.12872466567239155 0.0067019051872530015
41.89045536509329 -0.12847988840439536 0.006697060031883942
41.89247484435865 -0.12822598890303008 0.006691951138771929
41.89449432362401 -0.12796323580039964 0.006686581361987313
41.89651380288937 -0.12769189772860506 0.006680953555600395
41.89853328215474 -0.1274122433197503 0.006675070573681529
41.9005527614201 -0.1271245412059383 0.006668935270301049
41.902572240685465 -0.12682906001927205 0.006662550499529291
41.90459171995083 -0.12652606839185457 0.006655919115436594
41.906611199216194 -0.12621583495578878 0.006649043972093287
41.90863067848156 -0.12589862834317764 0.006641927923569712
41.91065015774692 -0.12557471718612423 0.0066345738239362035
41.912669637012286 -0.1252443701167315 0.006626984527263096
41.91468911627765 -0.12490785576710232 0.006619162887620727
41.916708595543014 -0.12456544276933981 0.006611111759079432
41.91872807480838 -0.12421739975554691 0.006602833995709543
41.920747554073735 -0.12386399535782781 0.0065943324515814325
41.9227670333391 -0.12350549820828301 0.006585609980765369
41.92478651260446 -0.12314217693901675 0.006576669437331725
41.92680599186983 -0.12277430018213198 0.006567513675350831
41.92882547113519 -0.12240213656973173 0.006558145548893028
41.930844950400555 -0.12202595473391893 0.006548567912028647
41.93286442966592 -0.12164602330679655 0.006538783618828024
41.93488390893128 -0.12126261092046761 0.006528795523361497
41.93690338819665 -0.1208759862070351 0.006518606479699402
41.93892286746201 -0.12048641779860195 0.006508219341912074
41.940942346727375 -0.12009417432727117 0.006497636964069848
41.94296182599274 -0.11969952442514571 0.006486862200243059
41.944981305258096 -0.11930273672432996 0.006475897904502084
41.94700078452346 -0.11890406124989251 0.006464746892845562
41.949020263788825 -0.11850351564430969 0.006453411505797057
41.95103974305419 -0.11810095962158035 0.006441893760744582
41.95305922231955 -0.11769624987940738 0.006430195668904536
41.95507870158492 -0.11728924311549366 0.00641831924149332
41.95709818085028 -0.11687979602754221 0.006406266489727334
41.959117660115645 -0.11646776531325602 0.006394039424822983
41.96113713938101 -0.11605300767033787 0.006381640057996666
41.96315661864637 -0.11563537979649086 0.006369070400464786
41.96517609791174 -0.11521473838941783 0.006356332463443743
41.9671955771771 -0.11479094014682181 0.006343428258149936
41.969215056442465 -0.11436384176640568 0.006330359795799774
41.97123453570782 -0.11393329994587394 0.006317129087609699
41.973254014973186 -0.11349917138292649 0.00630373814479602
41.97527349423855 -0.11306131277526783 0.006290188978575187
41.977292973503914 -0.11261958082060085 0.0062764836001636005
41.97931245276928 -0.11217383221662854 0.00626262402077766
41.98133193203464 -0.11172392366105376 0.00624861225163377
41.983351411300006 -0.11126971185157956 0.006234450303948331
41.98537089056537 -0.11081105348590885 0.006220140188937743
41.987390369830734 -0.11034780526174455 0.00620568391781841
41.9894098490961 -0.10987982387678963 0.006191083501806731
41.99142932836146 -0.10940696602874703 0.006176340952119107
41.99344880762683 -0.10892908841531967 0.006161458279971944
41.99546828689219 -0.10844604773421054 0.006146437496581637
41.99748776615755 -0.10795770068312431 0.006131280613164646
41.99950724542291 -0.10746390395976044 0.006115989640937265
42.001526724688276 -0.10696451426182363 0.006100566591115944
42.00354620395364 -0.10645938828701677 0.006085013474917092
42.005565683219004 -0.10594838273304293 0.006069332303557106
42.00758516248437 -0.1054313542976049 0.006053525088252388
42.00960464174973 -0.10490815967840572 0.0060375938402193385
42.011624121015096 -0.10437865557314832 0.006021540570674361
42.01364360028046 -0.10384269867953566 0.006005367290833855
42.015663079545824 -0.10330014569527063 0.005989076011914223
42.01768255881119 -0.10275085331805621 0.005972668745131866
42.01970203807655 -0.10219467824559539 0.005956147501703188
42.02172151734191 -0.101631477175593 0.005939514292844645
42.02374099660727 -0.10106110680574813 0.005922771129772525
42.02576047587264 -0.10048342383376566 0.0059059200237032835
42.027779955138 -0.09989828495734851 0.0058889629858533245
42.029799434403365 -0.09930554687419964 0.005871902027439052
42.03181891366873 -0.09870506628202201 0.005854739159676864
42.03383839293409 -0.09809669987851852 0.005837476393783162
42.03585787219946 -0.09748030436139216 0.0058201157409743486
42.03787735146482 -0.0968557364283459 0.005802659212466825
42.039896830730186 -0.0962228527770826 0.005785108819476995
42.04191630999555 -0.0955815101053053 0.005767466573221254
42.043935789260914 -0.09493156511071689 0.0057497344849160095
42.04595526852628 -0.09427287449102036 0.005731914565777663
42.047974747791635 -0.09360529494392095 0.005714008827022673
42.049994227057 -0.0929286831671169 0.005696019279867319
42.05201370632236 -0.09224289713896014 0.005677947971202459
42.05403318558773 -0.09154788712515793 0.005659799518726138
42.05605266485309 -0.09084375610697484 0.005641582794264718
42.058072144118455 -0.09013062140156404 0.005623307068992937
42.06009162338382 -0.08940860032607892 0.00560498161408554
42.06211110264918 -0.08867781019767261 0.005586615700717263
42.06413058191455 -0.0879383683334984 0.005568218600062846
42.06615006117991 -0.08719039205070957 0.00554979958329703
42.068169540445275 -0.0864339986664593 0.005531367921594555
42.07018901971064 -0.0856693054979009 0.005512932886130159
42.072208498976 -0.08623912017203576 0.0021102159268163736
42.07422797824136 -0.08553516042497111 0.0021105535418739583
42.076247457506724 -0.08481889660809742 0.002110605020839225
42.07826693677209 -0.08409052894495415 0.002110379179731907
42.08028641603745 -0.08335025538130936 0.002109884682650618
42.08230589530282 -0.08259827165862284 0.002109130046709036
42.08432537456818 -0.08183477138353304 0.002108123646694958
42.086344853833545 -0.08105994609360763 0.002106873719467951
42.08836433309891 -0.08027398531958153 0.002105388368110443
42.09038381236427 -0.07947707664429506 0.002103675565846267
42.09240329162964 -0.07866940575853225 0.0021017431597398907
42.094422770895 -0.07785115651395137 0.002099598874188882
42.096442250160365 -0.07702251097328762 0.0020972503142215122
42.09846172942572 -0.07618364945800521 0.0020947049686108185
42.100481208691086 -0.07533475059354523 0.002091970212815849
42.10250068795645 -0.07447599135237219 0.002089053311760515
42.104520167221814 -0.07360754709491123 0.0020859614224597155
42.10653964648718 -0.07272959160856604 0.002082701596502292
42.10855912575254 -0.07184229714493971 0.002079280782399849
42.110578605017906 -0.07094583445539686 0.00207570582781016
42.11259808428327 -0.07004037282509759 0.00207198348164362
42.114617563548634 -0.06912608010563019 0.0020681203960608934
42.116637042814 -0.06820312274636584 0.0020641231283696987
42.11865652207936 -0.06727166582465442 0.0020599981428284274
42.12067600134473 -0.06633187307497934 0.002055751812364135
42.12269548061009 -0.06538390691718467 0.0020513904202122467
42.12471495987545 -0.06442792848389009 0.002046920161485211
42.12673443914081 -0.06346409764718292 0.002042347144677073
42.128753918406176 -0.06249257304474541 0.0020376773931111932
42.13077339767154 -0.06151351210545557 0.0020329168463376346
42.132792876936904 -0.060527071074616134 0.0020280713614872826
42.13481235620227 -0.05953340503889419 0.0020231467145892875
42.13683183546763 -0.05853266795107551 0.0020181486018585213
42.138851314732996 -0.05752501265473362 0.002013082640959644
42.14087079399836 -0.05651059090891153 0.002007954372254344
42.142890273263724 -0.05548955341291321 0.0020027692600382576
42.14490975252909 -0.05446204983130024 0.001997532693774064
42.14692923179445 -0.053428228819187386 0.001992249989327172
42.148948711059816 -0.05238823804792988 0.001986926390210424
42.15096819032517 -0.05134222423129639 0.001981567068844176
42.15298766959054 -0.05029033315219507 0.00197617712783798
42.1550071488559 -0.04923270969009418 0.0019707616013003833
42.157026628121265 -0.048169497849148875 0.0019653254561826958
42.15904610738663 -0.047100832544711806 0.0019598731664781884
42.16106558665199 -0.04602681203987905 0.0019544072827424527
42.16308506591736 -0.044947524489089834 0.0019489298046177024
42.16510454518272 -0.04386305791923948 0.001943442698211727
42.167124024448086 -0.04277350034117062 0.0019379479025445022
42.16914350371345 -0.04167893985798979 0.0019324473358562307
42.171162982978814 -0.04057946477033117 0.0019269429017835992
42.17318246224418 -0.039475163678459 0.001921436495399099
42.175201941509535 -0.03836612558110309 0.0019159300091081647
42.1772214207749 -0.03725243997089058 0.0019104253383985608
42.17924090004026 -0.036134196926318606 0.0019049243874367636
42.18126037930563 -0.035011487200073126 0.0018994290745052399
42.18327985857099 -0.033884402303634174 0.0018939413372751064
42.185299337836355 -0.03275303458802497 0.0018884631379081226
42.18731881710172 -0.031617477320587326 0.0018829964679820026
42.18933829636708 -0.030477824757662256 0.0018775433532329277
42.19135777563245 -0.02933417221305241 0.001872105858109042
42.19337725489781 -0.02818661612214371 0.0018666860901286678
42.195396734163175 -0.02703525410156258 0.001861286204036886
42.19741621342854 -0.025880185004245382 0.0018559084057541116
42.1994356926939 -0.024721508969797218 0.001850554956110233
42.20145517195926 -0.023559327470021454 0.0018452281743579102
42.203474651224624 -0.02239374334947447 0.0018399304414584675
42.20549413048999 -0.021224860860986294 0.0018346642031342238
42.20751360975535 -0.02005278569594733 0.001829431972680498
42.20953308902072 -0.018877625009305603 0.0018242363335311867
42.21155256828608 -0.017699487439136043 0.001819079941571511
42.213572047551445 -0.01651848312067433 0.001813965527191719
42.21559152681681 -0.015334723694707002 0.0018088958970756102
42.21761100608217 -0.014148322310213011 0.0018038739357178761
42.21963048534754 -0.01295939362115565 0.0017989026066643592
42.2216499646129 -0.011768053777328402 0.0017939849534695127
42.223669443878265 -0.010574420409162639 0.0017891241003655004
42.22568892314363 -0.009378612606410491 0.0017843232526375797
42.227708402408986 -0.008180750890625747 0.0017795856967006275
42.22972788167435 -0.006980957181342411 0.0017749147998718162
42.231747360939714 -0.0057793547559451385 0.0017703140098350206
42.23376684020508 -0.0045760682030853966 0.0017657868537922646
42.23578631947044 -0.0033712233696516643 0.0017613369372983757
42.237805798735806 -0.002164947301221427 0.0017569679427750086
42.23982527800117 -0.0009573681759601391 0.0017526836277006414
42.241844757266534 0.0002513847680633426 0.0017484878224735183
42.2438642365319 0.001461181312166371 0.001744384427944881
42.24588371579726 0.002671890342959488 0.0017403774126202563
42.24790319506263 0.0038833799448733026 0.001736470809526984
42.24992267432799 0.005095517499297849 0.0017326687127466325
42.25194215359335 0.006308169790312233 0.001728975273611425
42.25396163285871 0.0075212031170014465 0.0017253946965641966
42.255981112124076 0.008734483412256806 0.0017219312346822004
42.25800059138944 0.009947876368094008 0.0017185891848651225
42.260020070654804 0.01116124756736216 0.0017153728826886986
42.26203954992017 0.012374462621794664 0.0017122866969255985
42.26405902918553 0.013587381903330628 0.001709335047354272
42.266078508450896 0.014799794862935103 0.0017065226851389532
42.26809798771626 0.0160114416996636 0.00170385459018871
42.270117466981624 0.01722206300137224 0.0017013357480984365
42.27213694624699 0.01843140083764116 0.0016989711395180172
42.27415642551235 0.019639198784546143 0.001696765733938152
42.276175904777716 0.020845201945030208 0.001694724483247967
42.27819538404307 0.022049156964772144 0.0016928523150708328
42.28021486330844 0.023250812043484424 0.0016911541258855121
42.2822343425738 0.02444991694148863 0.001689634773940604
42.284253821839165 0.02564622298157173 0.0016882990719708248
42.28627330110453 0.026839483045985015 0.0016871517797246312
42.28829278036989 0.02802945156854328 0.001686197596313298
42.29031225963526 0.029215886058674503 0.0016854408350959972
42.29233173890062 0.030398568886234014 0.0016848809020702001
42.294351218165986 0.03157730187770127 0.0016845133508965541
42.29637069743135 0.03275188841366695 0.0016843335412660182
42.298390176696714 0.03392213281575665 0.0016843367427521391
42.30040965596208 0.03508784021698684 0.0016845181396239364
42.30242913522744 0.036248816435116064 0.0016848728356466383
42.3044486144928 0.03740486784917874 0.0016853958588592818
42.30646809375816 0.03855580127939959 0.0016860821663187897
42.30848757302353 0.039701423870582696 0.0016869266488006407
42.31050705228889 0.040841542979194546 0.001687924135446908
42.312526531554255 0.04197596606419996 0.0016890693983529711
42.31454601081962 0.043104500581778685 0.0016903571570848167
42.31656549008498 0.04422695388400554 0.00169178208311945
42.31858496935035 0.04534313312156505 0.0016933388042015079
42.32060444861571 0.04645284515055621 0.0016950219086097594
42.322623927881075 0.047555896443428496 0.0016968259493277615
42.32464340714644 0.048652093004076184 0.0016987454481135046
42.3266628864118 0.04974124028710475 0.0017007748994634243
42.32868236567716 0.05082314312126673 0.0017029087744667114
42.330701844942524 0.05189760563707915 0.0017051415245464227
42.33272132420789 0.052964431198544014 0.0017074675850842413
42.33474080347325 0.05402342233901528 0.0017098813789264932
42.33676028273862 0.055074380701114284 0.0017123773197692488
42.33877976200398 0.056117106980665125 0.001714949815420921
42.340799241269345 0.05715140087458798 0.0017175932709411787
42.34281872053471 0.05817706103268427 0.0017203020916553898
42.34483819980007 0.059193885013240403 0.0017230706860442034
42.34685767906544 0.06020166924237205 0.0017258934685082494
42.3488771583308 0.06120020897702425 0.0017287648620082688
42.350896637596165 0.062189298271538976 0.0017316793005813134
42.35291611686153 0.06316872994769729 0.0017346312317339503
42.354935596126886 0.0641382955681367 0.0017376151187136757
42.35695507539225 0.06509778541306503 0.0017406254426600581
42.358974554657614 0.06604698846011856 0.0017436567046371706
42.36099403392298 0.06698569236732968 0.0017467034275494104
42.36301351318834 0.06791368345904918 0.0017497601579426834
42.365032992453706 0.06883074671473798 0.0017528214676932707
42.36705247171907 0.06973666576052051 0.0017558819555868073
42.369071950984434 0.07063122370448731 0.001758936267487853
42.3710914302498 0.071514270655081 0.0017619806033513591
42.37311090951516 0.07238577401009111 0.0017650138648708322
42.375130388780526 0.07324571343267806 0.001768035339670385
42.37714986804589 0.07409406940080356 0.0017710444488228394
42.379169347311255 0.07493082331467982 0.0017740407501247494
42.38118882657661 0.07575595759053265 0.0017770239406188668
42.383208305841976 0.0765694557406952 0.0017799938583570806
42.38522778510734 0.07737130243997442 0.0017829504833963212
42.387247264372704 0.0781614835783246 0.0017858939380200843
42.38926674363807 0.07893998629975224 0.0017888244861778196
42.39128622290343 0.07970679902743388 0.0017917425321347614
42.393305702168796 0.08046191147500524 0.0017946486183249418
42.39532518143416 0.08120531464398299 0.0017975434224005403
42.397344660699524 0.08193700080728457 0.0018004277534712676
42.39936413996489 0.08265696734702886 0.0018033026738963314
42.40138361923025 0.0833652940755422 0.0018061720163797801
42.403403098495616 0.08406213857002905 0.001809042207573961
42.40542257776097 0.08474766158824149 0.0018119198203025116
42.40744205702634 0.08542202398858838 0.001814811469925507
42.4094615362917 0.08608538672127224 0.0018177238109536805
42.411481015557065 0.08673791081869649 0.0018206635333999541
42.41350049482243 0.08737975738510596 0.0018236373588669315
42.41551997408779 0.08801108758547643 0.0018266520363703726
42.41753945335316 0.08863206263365699 0.0018297143378998438
42.41955893261852 0.08924284377977308 0.0018328310537190553
42.421578411883885 0.08984359229690364 0.0018360089874098046
42.42359789114925 0.0904344694670483 0.0018392549506648977
42.425617370414614 0.09101563656640592 0.0018425757578369392
42.42763684967998 0.0915872548499887 0.001845978220251482
42.42965632894534 0.0921494855356022 0.0018494691402946362
42.4316758082107 0.09270248978722265 0.0018530553052868994
42.43369528747606 0.09324642869782185 0.0018567434811567376
42.43571476674143 0.09378146327165413 0.001860540405928902
42.43773424600679 0.0943077544060914 0.0018644527830445879
42.439753725272155 0.09482546287303047 0.0018684872745318144
42.44177320453752 0.09533474929994033 0.001872650494046311
42.44379268380288 0.09583577415060958 0.0018769489998047395
42.44581216306825 0.09632869770565908 0.001881389287433642
42.44783164233361 0.09681368004288997 0.001885977782758991
42.449851121598975 0.09729088101753978 0.0018907208345625987
42.45187060086434 0.09776046024252416 0.0018956247073329286
42.4538900801297 0.09822257706874385 0.0019006955740389938
42.45590955939507 0.09867739056553923 0.0019059395089570347
42.457929038660424 0.09912505950137641 0.001911362480580491
42.45994851792579 0.09956574232486061 0.0019169703446446126
42.46196799719115 0.09999959714614079 0.001922768837297084
42.463987476456516 0.10042678171882662 0.0019287635684470616
42.46600695572188 0.100847453422482 0.001934960015324354
42.468026434987244 0.10126176924579314 0.0019413635162807779
42.47004591425261 0.10166988577049696 0.001947979264865181
42.47206539351797 0.10207195915615466 0.001954812304203046
42.47408487278334 0.10246814512585406 0.0019618675217107366
42.4761043520487 0.10285859012365692 0.0019691480754276914
42.478123831314065 0.10324340003828064 0.0019766498351458947
42.48014331057943 0.10362266943235247 0.001984366578059408
42.482162789844786 0.10399649317501096 0.001992292061349396
42.48418226911015 0.10436496652130015 0.0020004200424535946
42.486201748375514 0.10472818518229984 0.00200874429777263
42.48822122764088 0.10508624538698677 0.002017258639955103
42.49024070690624 0.10543924393595952 0.0020259569337599077
42.492260186171606 0.10578727824722664 0.002034833110504087
42.49427966543697 0.1061304463942814 0.002043881181112598
42.496299144702334 0.10646884713671573 0.0020530952477937976
42.4983186239677 0.10680257994364889 0.002062469514370986
42.50033810323306 0.10713174501026566 0.0020719982953059496
42.502357582498426 0.10745644326777228 0.0020816760234552835
42.50437706176379 0.10777677638708888 0.0020914972566042057
42.506396541029154 0.10809284677660286 0.0021014566828258525
42.50841602029451 0.10840475711678499 0.0021115491403641885
42.510435499559875 0.10871259679133473 0.0021217700853476307
42.51245497882524 0.10901643951206882 0.002132115678950973
42.5144744580906 0.1093163585734691 0.002142582268159851
42.51649393735597 0.10961242773354939 0.002153166354967503
42.51851341662133 0.10990472118325359 0.002163864595608611
42.520532895886696 0.11019331351393928 0.002174673798842392
42.52255237515206 0.11047827968311918 0.002185590923343658
42.524571854417424 0.110759694978623 0.002196613074259166
42.52659133368279 0.11103763498132928 0.0022077374989848205
42.52861081294815 0.11131217552660697 0.002218961582217279
42.530630292213516 0.11158339266459406 0.002230282840331319
42.53264977147887 0.11185136261942824 0.002241698915131866
42.53466925074424 0.1121161617475401 0.0022532075670273453
42.5366887300096 0.11237786649508785 0.0022648066676675214
42.538708209274965 0.11263655335463496 0.0022764941920876717
42.54072768854033 0.11289229882112777 0.002288268210396757
42.54274716780569 0.11314517934724001 0.0023001268790452853
42.54476664707106 0.11339527129813365 0.002312068431705447
42.54678612633642 0.11364265090567692 0.002324091169793352
42.548805605601785 0.11388739422215108 0.002336193452660375
42.55082508486715 0.1141295770734673 0.0023483736874778684
42.55284456413251 0.11436927501190719 0.0023606303188367954
42.55486404339788 0.1146065632683912 0.0023729618180811387
42.55688352266324 0.11484151670427098 0.0023853666723913742
42.5589030019286 0.11507420976263356 0.0023978433736316735
42.56092248119396 0.11530471641910223 0.0024103904069723457
42.56294196045933 0.11553311013209555 0.0024230062392957027
42.56496143972469 0.11575946379252652 0.002435689307392691
42.566980918990055 0.11598384967288872 0.002448438005953853
42.56900039825542 0.11620633937568703 0.0024612506753568576
42.57101987752078 0.11642700378115696 0.0024741255892503852
42.57303935678615 0.11664591299421324 0.002487060941932115
42.57505883605151 0.11686313629055899 0.0025000548355164536
42.577078315316875 0.1170787420618834 0.002513105266885722
42.57909779458224 0.11729279776006771 0.002526210114416496
42.5811172738476 0.11750537260471122 0.00253936753731292
42.58313675311297 0.11771657342692406 0.0025525813108830055
42.585156232378324 0.11792653473370947 0.0025658592947623354
42.58717571164369 0.11813539121892372 0.002579209310714842
42.58919519090905 0.118343277203077 0.002592639057361415
42.591214670174416 0.11855032672161384 0.0026061561220284304
42.59323414943978 0.11875667360891452 0.0026197679920683193
42.595253628705144 0.11896245157823382 0.0026334820656895752
42.59727310797051 0.11916779429775853 0.0026473056623291143
42.59929258723587 0.11937283546294125 0.002661246032596148
42.60131206650124 0.11957770886524316 0.002675310367813247
42.6033315457666 0.11978254845739916 0.0026895058091771164
42.605351025031965 0.1199874884152987 0.002703839456558666
42.60737050429733 0.12019266319655847 0.0027183183769592927
42.60938998356269 0.12039820759584882 0.002732949612637872
42.61140946282805 0.1206042567970205 0.0027477401889206285
42.613428942093414 0.12081094642207206 0.0027626971217044128
42.61544842135878 0.12101841257697239 0.00277782742466095
42.61746790062414 0.12122679105140413 0.002793138027026444
42.619487379889506 0.1214361779565632 0.002808631614180332
42.62150685915487 0.12164661334452088 0.0028243048977392373
42.623526338420234 0.12185813441980987 0.0028401542462655254
42.6255458176856 0.12207077994754459 0.0028561761576685507
42.62756529695096 0.12228459028070988 0.002872367268490472
42.629584776216326 0.12249960737244767 0.0028887243616116972
42.63160425548169 0.12271587477375717 0.002905244372415154
42.633623734747054 0.12293343761702404 0.002921924393448362
42.63564321401241 0.12315234258579617 0.002938761677622205
42.637662693277775 0.12337263787123336 0.002955753639985729
42.63968217254314 0.12359437311564393 0.0029728978581152147
42.6417016518085 0.12381759934355585 0.0029901920711581202
42.64372113107387 0.12404236888074466 0.003007634177570705
42.64574061033923 0.12426873526166617 0.0030252222315898455
42.647760089604596 0.1248403213225332 0.0013423517746996997
42.64977956886996 0.12507220444449643 0.0013564894169878616
42.651799048135324 0.12530350061090229 0.0013703537801043808
42.65381852740069 0.12553428720448342 0.0013839565700082088
42.65583800666605 0.12576463880487318 0.0013973088145625315
42.657857485931416 0.12599462734869807 0.0014104209187769663
42.65987696519678 0.1262243222655101 0.0014233027149001853
42.66189644446214 0.12645379059204218 0.0014359635078593478
42.6639159237275 0.12668309706706546 0.0014484121164917419
42.665935402992865 0.12691230420892222 0.001460656910967892
42.66795488225823 0.12714147237766554 0.001472705846767033
42.66997436152359 0.12737065982356202 0.001484566495528917
42.67199384078896 0.12759992272359172 0.0014962460730754636
42.67401332005432 0.1278293152074546 0.001507751464867488
42.676032799319685 0.12805888937447968 0.001519089249136825
42.67805227858505 0.12828869530273185 0.0015302657179118064
42.68007175785041 0.12851878105151768 0.0015412868961339726
42.68209123711578 0.12874919265840248 0.0015521585590458106
42.68411071638114 0.1289799741317705 0.0015628862480129688
42.6861301956465 0.1292111669967274 0.0015734752762934254
42.68814967491186 0.1294427700472195 0.0015839299564830206
42.69016915417723 0.12967470729868386 0.0015942529788767154
42.69218863344259 0.12990689362457586 0.0016044466982653865
42.694208112707955 0.13013924267809085 0.001614513301840298
42.69622759197332 0.13037166721610943 0.0016244548283958693
42.69824707123868 0.13060407940081278 0.0016342731862067875
42.70026655050405 0.13083639107950437 0.001643970169639403
42.70228602976941 0.1310685140431822 0.0016535474745525774
42.704305509034775 0.1313003602644058 0.0016630067125387976
42.70632498830014 0.13153184211501062 0.0016723494240525319
42.7083444675655 0.13176287256422156 0.001681577090469314
42.71036394683087 0.13199336535772196 0.0016906911451158972
42.712383426096224 0.13222323517823528 0.001699692983308952
42.71440290536159 0.1324523977881803 0.0017085839714373952
42.71642238462695 0.13268077015494328 0.0017173654551204045
42.718441863892316 0.1329082705593368 0.0017260387664720968
42.72046134315768 0.1331348186877798 0.0017346052305007135
42.722480822423044 0.13336033570874786 0.0017430661706689442
42.72450030168841 0.13358474433402698 0.0017514229136400418
42.72651978095377 0.13380796904811176 0.0017596768098708108
42.72853926021914 0.13402995133742301 0.0017678306195159056
42.7305587394845 0.1342506612299986 0.001775889561082855
42.732578218749865 0.13447007334091982 0.0017838591309586916
42.73459769801523 0.13468816422089008 0.001791744863768646
42.73661717728059 0.13490491237051505 0.0017995523361350367
42.73863665654595 0.1351202982414117 0.001807287169926084
42.740656135811314 0.1353343042248699 0.0018149550350184465
42.74267561507668 0.13554691462874507 0.0018225616515961823
42.74469509434204 0.13575811564325743 0.0018301127920092076
42.746714573607406 0.13596789529631922 0.001837614282212746
42.74873405287277 0.1361762433989958 0.0018450720028091348
42.750753532138134 0.13638315148167163 0.0018524918897124684
42.7527730114035 0.136588612721463 0.0018598799344558242
42.75479249066886 0.13679262186138902 0.001867242184160055
42.756811969934226 0.13699517512178316 0.0018745847411823472
42.75883144919959 0.13719627010439678 0.0018819137624619372
42.760850928464954 0.13739590568961838 0.0018892354585795777
42.76287040773032 0.13759408192720252 0.0018965560925465258
42.764889886995675 0.1377907999208743 0.0019038819783380057
42.76690936626104 0.13798606170715125 0.0019112194791854479
42.7689288455264 0.13817987012868377 0.0019185750056404786
42.77094832479177 0.13837222870241353 0.0019259550134237311
42.77296780405713 0.13856314148279733 0.001933366001069873
42.774987283322496 0.13875261292033542 0.0019408145073800084
42.77700676258786 0.1389406477156123 0.0019483071086916508
42.779026241853224 0.13912725066903603 0.001955850415975801
42.78104572111859 0.1393124265264384 0.001963451071769847
42.78306520038395 0.13949617982067566 0.001971115746954377
42.785084679649316 0.13967851470934797 0.001978851137381225
42.78710415891468 0.13985943480873453 0.001986663960359433
42.78912363818004 0.14003894302401942 0.0019945609510050866
42.7911431174454 0.14021704137586907 0.002002548858460555
42.793162596710765 0.1403937549554261 0.0020106346807138797
42.79518207597613 0.14056922245838618 0.0020188265536457534
42.79720155524149 0.14074361478062436 0.0020271329353823493
42.79922103450686 0.1409171007410192 0.002035562264369965
42.80124051377222 0.14108984717876047 0.0020441229589420883
42.803259993037585 0.1412620190553885 0.0020528234169196738
42.80527947230295 0.1414337795559842 0.0020616720151895927
42.80729895156831 0.14160529018972312 0.002070677109263826
42.80931843083368 0.14177671088997998 0.002079847032821922
42.81133791009904 0.14194820011415268 0.0020891900972391853
42.813357389364405 0.14211991494334683 0.0020987145911030257
42.81537686862976 0.1422920111820456 0.0021084287797198103
42.81739634789513 0.14246464345787233 0.002118340904614787
42.81941582716049 0.14263796532152076 0.0021284591830268724
42.821435306425855 0.1428121293469345 0.002138791807401292
42.82345478569122 0.14298728723177462 0.002149346944881815
42.82547426495658 0.14316358989821418 0.0021601327368050336
42.82749374422195 0.1433411875940769 0.002171157298198864
42.82951322348731 0.14352022999432248 0.0021824287172874652
42.831532702752675 0.14370086630286777 0.0021939550550047326
42.83355218201804 0.1438832453547173 0.0022057443445185083
42.8355716612834 0.14406751559267886 0.0022178045916459136
42.83759114054877 0.14425380272072502 0.0022301439313393706
42.839610619814124 0.14444218380620033 0.0022427708093758214
42.84163009907949 0.1446327295113365 0.0022556936878032545
42.84364957834485 0.144825510484488 0.0022689210005284953
42.845669057610216 0.1450205974799728 0.0022824611527307672
42.84768853687558 0.1452180614794547 0.002296322520285386
42.849708016140944 0.14541797381469773 0.002310513449200238
42.85172749540631 0.14562040629149853 0.0023250422550673932
42.85374697467167 0.14582543131459208 0.002339917222532283
42.855766453937036 0.14603312201330818 0.002355146604782912
42.8577859332024 0.146243552367746 0.002370738623061567
42.859805412467765 0.14645679733521924 0.0023867014662015055
42.86182489173313 0.14719035786142257 0.0009317521471123568
42.86384437099849 0.14758107432955106 0.0009356999896345846
42.86586385026385 0.14796708117202748 0.0009399815199216793
42.867883329529214 0.14834840170720806 0.0009445965179053416
42.86990280879458 0.14872507001674662 0.0009495445315645172
42.87192228805994 0.14909712678442197 0.000954824758732849
42.873941767325306 0.14946459540985255 0.0009604352578708186
42.87596124659067 0.14982749714214105 0.0009663735113700502
42.877980725856034 0.15018586257815858 0.0009726368458354078
42.8800002051214 0.15053973136993778 0.0009792224423827904
42.88201968438676 0.15088915186543841 0.0009861273453827346
42.884039163652126 0.1512341807342229 0.0009933484712508576
42.88605864291749 0.15157488258134627 0.0010008826172245976
42.888078122182854 0.1519113295525676 0.001008726470069374
42.89009760144822 0.15224360093378425 0.0010168766146614022
42.892117080713575 0.1525717827473634 0.001025329542398796
42.89413655997894 0.15289596734782393 0.0010340816593974558
42.8961560392443 0.15321625301906494 0.001043129294432419
42.89817551850967 0.15353274054748228 0.0010524687109526156
42.90019499777503 0.15384549092845287 0.001062096175057806
42.902214477040395 0.15415453482302927 0.001072007949376007
42.90423395630576 0.1544599050915298 0.0010822002527838958
42.906253435571124 0.15476163715263325 0.0010926692657692797
42.90827291483649 0.15505976850988912 0.0011034111365988886
42.91029239410185 0.15535433830499137 0.0011144219870508408
42.912311873367216 0.15564538689807178 0.001125697917707896
42.91433135263258 0.15593295547509833 0.001137235012810924
42.916350831897944 0.1562170856823075 0.0011490293446750415
42.9183703111633 0.15649781928745668 0.0011610769776735591
42.920389790428665 0.15677519786756308 0.00117337397179763
42.92240926969403 0.1570492625226626 0.0011859163858007156
42.92442874895939 0.15732005361505746 0.0011987002799403593
42.92644822822476 0.1575876105334027 0.0012117217183298464
42.92846770749012 0.15785197148092794 0.0012249767709145557
42.930487186755485 0.15811317328702393 0.0012384615150886037
42.93250666602085 0.15837125124137238 0.0012521720369682726
42.93452614528621 0.15862623894975816 0.0012661044323393812
42.93654562455158 0.15887816821067072 0.0012802548072962123
42.93856510381694 0.15912706891177705 0.0012946192785898874
42.940584583082305 0.15937296894533365 0.001309193973704229
42.94260406234766 0.1596158941415933 0.0013239750306770766
42.944623541613026 0.1598558682461957 0.0013389585968975473
42.94664302087839 0.1600929280733037 0.0013541403839843842
42.948662500143755 0.1603271485871154 0.001369514930635924
42.95068197940912 0.16055860861712476 0.0013850766032864835
42.95270145867448 0.16078738409365775 0.0014008197940610799
42.95472093793985 0.16101354803290244 0.0014167389216512517
42.95674041720521 0.16123717054093872 0.0014328284318266152
42.958759896470575 0.16145831883544706 0.0014490827976059281
42.96077937573594 0.16167705728378956 0.0014654965191116236
42.9627988550013 0.16189344745618045 0.0014820641231316908
42.96481833426667 0.16210754819269 0.0014987801624125176
42.96683781353203 0.1623194156828596 0.001515639214705856
42.96885729279739 0.16252910355674274 0.0015326358815924176
42.97087677206275 0.16273666298622982 0.0015497647871043163
42.972896251328116 0.16294214279554398 0.0015670205761665254
42.97491573059348 0.16314558957986247 0.001584397912878717
42.976935209858844 0.16334704783103915 0.0016018914786558596
42.97895468912421 0.16354656006946464 0.0016194959702462266
42.98097416838957 0.16374416698114086 0.0016372060976440725
42.982993647654936 0.16393990807695794 0.0016550166082440559
42.9850131269203 0.16413385039006023 0.0016729237434902095
42.987032606185664 0.16432610377376858 0.001690926046615118
42.98905208545103 0.16451678111606363 0.001709022350704476
42.99107156471639 0.16470599494281257 0.0017272115943074496
42.99309104398175 0.16489385764734596 0.0017454928201706445
42.995110523247114 0.16508048171312556 0.001763865173245235
42.99713000251248 0.16526597992938982 0.0017823278979949297
42.99914948177784 0.16545046559969884 0.0018008803350325485
43.001168961043206 0.16563405274329424 0.001819521917108958
43.00318844030857 0.16581685653377973 0.0018382521625818033
43.005207919573934 0.16599901889013188 0.0018570704732358333
43.0072273988393 0.16618073092500676 0.0018759759561456791
43.00924687810466 0.16636219055268398 0.0018949677478190755
43.011266357370026 0.16654359728529794 0.0019140450492735176
43.01328583663539 0.1667251522401862 0.0019332071200936064
43.015305315900754 0.16690705814676507 0.0019524532719073873
43.01732479516612 0.16708951935330907 0.0019717828613012764
43.019344274431475 0.16727274183397084 0.0019911952821945428
43.02136375369684 0.16745693319634794 0.00201068995769627
43.0233832329622 0.16764230268985408 0.0020302663314678117
43.02540271222757 0.1678290612151466 0.002049923858617637
43.02742219149293 0.16801742133480962 0.0020696619961545907
43.029441670758295 0.16820759728548465 0.002089480193028437
43.03146115002366 0.16839980499161036 0.0021093778797874434
43.03348062928902 0.16859426208091907 0.0021293544578840926
43.03550010855439 0.16879118790181993 0.0021494092886611433
43.03751958781975 0.16899080354278614 0.002169541682051252
43.039539067085116 0.16919333185385446 0.0021897508850242165
43.04155854635048 0.1693989974703377 0.002210036069816567
43.043578025615844 0.16960802683884693 0.0022303963219786976
43.0455975048812 0.16982064824571652 0.002250830628274945
43.047616984146565 0.1700370918479331 0.0022713378644725855
43.04963646341193 0.17025758970665653 0.0022919167830540584
43.05165594267729 0.17048237582345227 0.0023125660008888526
43.05367542194266 0.1707116861745189 0.002333283987056117
43.05569490120802 0.17094573288607035 0.00235406989635065
43.057714380473385 0.17118464275274284 0.002374925562424936
43.05973385973875 0.17142852379697918 0.002395853301061195
43.06175333900411 0.17167748278763542 0.0024168553264888554
43.06377281826948 0.17193162498867573 0.0024379337503530572
43.06579229753484 0.17219105393119094 0.002459090580286837
43.067811776800205 0.17245587120816153 0.0024803277181346876
43.06983125606557 0.17272617629158943 0.0025016469578662335
43.071850735330926 0.17300206637179769 0.0025230499832105775
43.07387021459629 0.17328363621884685 0.0025445383650350953
43.075889693861654 0.17357097806611793 0.0025661135584842906
43.07790917312702 0.17386418151624022 0.002587776899891102
43.07992865239238 0.17416333346957752 0.0026095296034652007
43.08194813165775 0.17446851807555724 0.0026313727577598795
43.08396761092311 0.17477981669240034 0.002653307323784912
43.085987090188475 0.17509726192346128 0.0026753399665633013
43.08800656945384 0.17542073571178324 0.0026974960422293903
43.0900260487192 0.17575008708152887 0.002719804729982677
43.09204552798457 0.17608516157688262 0.0027422953143562954
43.09406500724993 0.1764258011633909 0.0027649972106667665
43.09608448651529 0.17677182864916002 0.002787939381737195
43.09810396578065 0.17712297287863862 0.0028111474629879097
43.100123445046016 0.1774789277247852 0.0028346461347488333
43.10214292431138 0.17783938532154844 0.0028584604410375946
43.104162403576744 0.17820403627139517 0.0028826158034371825
43.10618188284211 0.1785725697993057 0.002907138027606148
43.10820136210747 0.1789446738995336 0.0029320533045643395
43.110220841372836 0.17932002478922146 0.0029573882897598923
43.1122403206382 0.17969824459699135 0.0029831704230187522
43.114259799903564 0.1800789384488828 0.003009427630013364
43.11627927916893 0.18046171109367734 0.0030361881788812627
43.11829875843429 0.18084616689408847 0.0030634806620914454
43.12031823769966 0.18123190980007137 0.003091333975199611
43.12233771696501 0.1816185433104205 0.0031197772927539953
43.12435719623038 0.1820056704236003 0.003148840041647355
43.12637667549574 0.1823928935787679 0.0031785518722001822
43.128396154761106 0.1827798145880341 0.003208942627254739
43.13041563402647 0.18316603456099412 0.003240042309546452
43.132435113291834 0.183551153822618 0.0032718810476113085
43.1344545925572 0.18393477182559945 0.0033044890604767996
43.13647407182256 0.1843164870582782 0.003337896621373316
43.138493551087926 0.18469589694925598 0.0033721340206919305
43.14051303035329 0.185072597769821 0.0034072315284032484
43.142532509618654 0.18544618453528391 0.0034432193561406478
43.14455198888402 0.18581625090630793 0.0034801276191397537
43.146571468149375 0.18618238909127832 0.0035179862982142136
43.14859094741474 0.18654418975073286 0.0035568252019372634
43.1506104266801 0.1869012419047927 0.00359667392918411
43.15262990594547 0.18725313284452566 0.0036375618321832994
43.15464938521083 0.18759944804806386 0.003679517980209128
43.156668864476195 0.18793977110225463 0.0037225711240386266
43.15868834374156 0.18827368363053928 0.0037667496612844896
43.16070782300692 0.18860076522767294 0.0038120816027045457
43.16272730227229 0.18892059340181913 0.0038585945395775653
43.16474678153765 0.18923278694036433 0.003906314982948617
43.166766260803016 0.18953714467516236 0.003955266310285112
43.16878574006838 0.18983351123739028 0.004005470661227355
43.170805219333744 0.1901217291241187 0.004056949600651592
43.1728246985991 0.1904016384823146 0.004109724094756129
43.174844177864465 0.19067307693555324 0.004163814488266846
43.17686365712983 0.19093587945045623 0.004219240482836547
43.17888313639519 0.1911898782399506 0.004276021116707954
43.18090261566056 0.19143490270032895 0.004334174745694859
43.18292209492592 0.19167077937906868 0.004393719025530745
43.184941574191285 0.19189733197036554 0.004454670895623806
43.18696105345665 0.1921143813353689 0.0045170465642482656
43.18898053272201 0.19232174554417344 0.0045808614951928705
43.19100001198738 0.19251923993671566 0.004646130395878559
43.19301949125274 0.19270667719983556 0.004712867206948656
43.195038970518105 0.1928838674578968 0.004781085093326676
43.19705844978347 0.19305065862351656 0.004850787305767061
43.199077929048826 0.193207077095047 0.004921935901501399
43.20109740831419 0.19335320029951641 0.004994481847268614
43.203116887579554 0.19348910666272334 0.00506837657232356
43.20513636684492 0.193614875345852 0.005143572038634917
43.20715584611028 0.19373058928963843 0.005220020928840504
43.20917532537565 0.19383645615443149 0.005297681483990439
43.21119480464101 0.19393284585726908 0.005376519134776897
43.213214283906375 0.19402014407607412 0.005456500834451739
43.21523376317174 0.19409875189991382 0.005537594989363052
43.2172532424371 0.1941692322009286 0.005619775862965468
43.21927272170247 0.19423228381195304 0.0057030228780185505
43.22129220096783 0.19428862457216647 0.00578731715461946
43.223311680233195 0.1943389879532191 0.00587264140189809
43.22533115949855 0.19438412287769244 0.005958979894922045
43.227350638763916 0.19442479339642343 0.006046318438522607
43.22937011802928 0.1944617782328642 0.006134644319024655
43.231389597294644 0.19449587020238174 0.0062239462448425275
43.23340907656001 0.19452787551423625 0.006314214276866692
43.23542855582537 0.19455861296392302 0.006405439749550056
43.237448035090736 0.19458891302358494 0.006497615183581754
43.2394675143561 0.19461961683829854 0.006590734191020083
43.241486993621464 0.19465157513617884 0.006684791373741547
43.24350647288683 0.1946856470604235 0.006779782216048901
43.24552595215219 0.19472269893161412 0.006875702972267209
43.24754543141756 0.19476360294878203 0.006972550550142016
43.24956491068291 0.19480923583792517 0.007070322390837118
43.25158438994828 0.19486047745681337 0.007169016346313406
43.25360386921364 0.19491820936501894 0.007268630554841873
43.255623348479006 0.19498331336816674 0.007369163315391768
43.25764282774437 0.19505667004537883 0.007470612961595258
43.259662307009734 0.19513915726880773 0.007572977735966058
43.2616817862751 0.19523164872398846 0.007676255665012267
43.26370126554046 0.19533501243949877 0.007780444435845767
43.265720744805826 0.19545010933409385 0.007885541274848673
43.26774022407119 0.19557779178908125 0.007991542828912703
43.269759703336554 0.1957189022532218 0.008098445049719613
43.27177918260192 0.1958742718868982 0.008206243081481239
43.27379866186728 0.19604466904438644 0.008314933138491484
43.27581814113264 0.19623058212240463 0.008424520888816317
43.277837620398 0.1964323943842089 0.008535014276750427
43.27985709966337 0.19665046960519272 0.008646419959637129
43.28187657892873 0.1968851510787784 0.008758743198144483
43.283896058194095 0.19713676073243494 0.008871987750453132
43.28591553745946 0.19740559840176625 0.008986155768537398
43.28793501672482 0.1976919412575812 0.009101247696749587
43.28995449599019 0.19799604338031324 0.009217262172871834
43.29197397525555 0.198318135475596 0.00933419593176041
43.293993454520916 0.19865842472423798 0.009452043711673672
43.29601293378628 0.19901709475930068 0.00957079816334697
43.298032413051644 0.1993943057624831 0.009690449761854954
43.300051892317 0.1997901946715647 0.009810986721283143
43.302071371582365 0.2002048754902849 0.009932394912219826
43.30409085084773 0.20063843969169712 0.01005465778206023
43.30611033011309 0.20109095670585025 0.010177756278123038
43.30812980937846 0.201562458859611 0.010301687771745793
43.31014928864382 0.20205286510360243 0.01042656644595274
43.312168767909185 0.20256205378897862 0.010552552404302664
43.31418824717455 0.20308990461928816 0.010679806829901916
43.31620772643991 0.2036363009272978 0.010808492255353396
43.31822720570528 0.20420113185388658 0.010938772885896446
43.32024668497064 0.20478421986004364 0.01107081947850417
43.322266164236005 0.20538487463652347 0.011204822655341808
43.32428564350137 0.20600199481137071 0.011340973298248253
43.326305122766726 0.20663447989267214 0.011479464239599078
43.32832460203209 0.2072812704238703 0.011620491408677481
43.330344081297454 0.20794134897328803 0.011764253886363983
43.33236356056282 0.2086137406333807 0.011910953926399319
43.33438303982818 0.20929751307662994 0.012060796946262437
43.33640251909355 0.2099917762124334 0.012213991490487776
43.33842199835891 0.2106956814866291 0.012370749169028895
43.340441477624275 0.21140842086259576 0.012531284573079775
43.34246095688964 0.212129225520242 0.012695815170588425
43.344480436155 0.21285736430669883 0.012864561183541536
43.34649991542037 0.21359214197018156 0.013037745448962836
43.34851939468573 0.21433289720632384 0.013215593265451237
43.350538873951095 0.21507900054429835 0.013398332226985485
43.35255835321645 0.21582985209822422 0.013586192045637211
43.354577832481816 0.21658487920773845 0.013779404364767588
43.35659731174718 0.2173435339900466 0.013978202564207521
43.358616791012544 0.2181052908244923 0.014182821558890567
43.36063627027791 0.21886964378931403 0.014393497592335568
43.36265574954327 0.21963610406912448 0.01461046802634336
43.364675228808636 0.2204041973504896 0.014833971128221093
43.366694708074 0.2211734612218919 0.015064245856800627
43.368714187339364 0.22194344259328352 0.015301531648466978
43.37073366660473 0.22271369514936423 0.015546068204358119
43.37275314587009 0.22348377684964274 0.015798095279837724
43.374772625135456 0.22425324748725556 0.016057852477277947
43.37679210440082 0.2250216663174117 0.016325579043118675
43.37881158366618 0.22578858976521413 0.016601513670093708
43.38083106293154 0.22655356922149306 0.016885894305440557
43.382850542196906 0.22731614893408839 0.017178957965806114
43.38487002146227 0.22807586400096824 0.017480940559506546
43.386889500727634 0.2288322384703359 0.01779207671667631
43.388908979993 0.22958478355180947 0.01811259962777005
43.39092845925836 0.23033299594163703 0.0184427408907834
43.392947938523726 0.2310763562638441 0.018782730367469115
43.39496741778909 0.23181432762818785 0.019132796048736824
43.396986897054454 0.23254635430481646 0.01949316392933937
43.39900637631982 0.2332718605146224 0.019864057891867282
43.40102585558518 0.23399024933343218 0.020245699599996406
43.40304533485054 0.2347009017074018 0.020638308400861075
43.4050648141159 0.23540317557630916 0.021042101236369716
43.40708429338127 0.23609640510077098 0.021457292563191926
43.40910377264663 0.23677989998896548 0.021884094281142102
43.411123251911995 0.23745294491790797 0.022322715669591403
43.41314273117736 0.2381147990440114 0.022773363331529985
43.41516221044272 0.23876469559735788 0.02323624114486035
43.41718168970809 0.23940184155390018 0.02371155022047884
43.41920116897345 0.24002541737966984 0.024199488866683536
43.421220648238815 0.2406345768410003 0.024700252559434015
43.42324012750418 0.24122844687476133 0.025214033917981438
43.42525960676954 0.24180612751264768 0.025741022685384925
43.42727908603491 0.2423666918536634 0.026281405713433167
43.429298565300265 0.24290918607908074 0.026835366951494785
43.43131804456563 0.24343262950434646 0.02740308743884499
43.43333752383099 0.24393601466257941 0.027984745299988675
43.43535700309636 0.24441830741460813 0.028580515742584398
43.43737648236172 0.2448784470806878 0.029190571057523994
43.439395961627085 0.24531534658935333 0.02981508062078334
43.44141544089245 0.24572789263913283 0.030454210896667656
43.44343492015781 0.24611494586914334 0.031108125442098837
43.44545439942318 0.2464753410348826 0.03177698491161534
43.44747387868854 0.2468078871858249 0.03246094706277796
43.449493357953905 0.24711136784171658 0.03316016676169821
43.45151283721927 0.2473845411647525 0.03387479598842847
43.453532316484626 0.2476261401250852 0.034604983841973184
43.45555179574999 0.24783487265738727 0.03535087654471953
43.457571275015354 0.24800942180642327 0.036112617446053236
43.45959075428072 0.24814844585985368 0.03689034702503483
43.46161023354608 0.24825057846668547 0.037684202891940466
43.463629712811446 0.24831442874001566 0.03849431978854366
43.46564919207681 0.2483385813428979 0.03932082958701227
43.467668671342174 0.24832159655634722 0.04016386128731373
43.46968815060754 0.24826201032865788 0.041023541013035444
43.4717076298729 0.2481583343053657 0.04189999200554096
43.47372710913827 0.24800905583931634 0.042793334616393876
43.47574658840363 0.24781263798042802 0.04370368629799321
43.477766067668995 0.24756751944484504 0.04463116159237329
43.47978554693435 0.24727211456327597 0.045575872118126776
43.481805026199716 0.2469248132083909 0.04653792655544119
43.48382450546508 0.24652398070124454 0.04751743062917558
43.485843984730444 0.246067957696725 0.04851448709002696
43.48786346399581 0.24555506004811312 0.04952919569372527
43.48988294326117 0.244983578650866 0.050561653178269224
43.491902422526536 0.25861042795004174 0.05877058711039151
43.4939219017919 0.2585912698442765 0.06000782487224394
43.495941381057264 0.25852415467821693 0.061266326660374036
43.49796086032263 0.25840731510879794 0.06254618746145846
43.49998033958799 0.2582389487364084 0.06384749786334631
43.501999818853356 0.25801721770506175 0.06517034400014422
43.50401929811872 0.2577402482867819 0.06651480749547983
43.50603877738408 0.25740613045019745 0.06788096540393596
43.50805825664944 0.25701291741333404 0.06926889015068186
43.510077735914805 0.25655862518062167 0.0706786494692256
43.51209721518017 0.2560412320640956 0.0721103063373804
43.51411669444553 0.25545867818880724 0.07356391891136861
43.5161361737109 0.25480886498243255 0.07503954045808643
43.51815565297626 0.2540896546490707 0.07653721928551893
43.520175132241626 0.2532988696272157 0.07805699867129717
43.52219461150699 0.25243429203187634 0.07959891678938968
43.524214090772354 0.2514936630808082 0.08116300663491752
43.52623357003772 0.2504746825048155 0.08274929594708205
43.52825304930308 0.24937500794206305 0.08435780713019222
43.530272528568446 0.16838035581682403 0.2146342391850522
43.5322920078338 0.19359816662940607 0.32909497904385815
43.53431148709917 0.1903322663441752 0.3353416278839043
43.53633096636453 0.18695690700116152 0.3416826839896524
43.538350445629895 0.18347072943183407 0.34811891862199273
43.54036992489526 0.17987237446766194 0.3546511030418155
43.54238940416062 0.1761604829401142 0.361280008510011
