logL Corr CorrErr
41.6347845927821 -0.31574311163373736 0.006789997840199295
41.63681310535437 -0.3163583215548779 0.006816920141149438
41.63884161792665 -0.3169470389055732 0.0068429343725763215
41.640870130498925 -0.3175096867037486 0.006868053669568578
41.6428986430712 -0.31804668796733593 0.0068922911672151055
41.64492715564348 -0.31855846571426627 0.006915660000604798
41.64695566821575 -0.319045442962466 0.006938173304826299
41.64898418078803 -0.31950804272986627 0.006959844214968503
41.65101269336031 -0.3199466880343984 0.006980685866120295
41.65304120593258 -0.32036180189398866 0.007000711393370332
41.655069718504855 -0.3207538073265684 0.007019933931807506
41.657098231077136 -0.3211231273500684 0.007038366616520683
41.65912674364941 -0.32147018498241564 0.00705602258259855
41.66115525622168 -0.32179540324154116 0.007072914965129977
41.663183768793964 -0.3220992051453755 0.007089056899203837
41.66521228136624 -0.32238201371184616 0.007104461519908819
41.66724079393851 -0.32264425195888374 0.007119141962333795
41.66926930651079 -0.32288634290441887 0.007133111361567625
41.671297819083065 -0.32310870956637916 0.007146382852699015
41.67332633165534 -0.32331177496269525 0.007158969570816829
41.67535484422762 -0.3234959621112974 0.007170884651009919
41.67738335679989 -0.3236616940301139 0.007182141228367009
41.67941186937217 -0.32380939373707485 0.007192752437976952
41.68144038194445 -0.32393948425011043 0.007202731414928593
41.68346889451672 -0.32405238858714924 0.007212091294310671
41.685497407088995 -0.3241485297661216 0.007220845211212033
41.687525919661276 -0.32422833080495683 0.007229006300721516
41.68955443223355 -0.3242922147215846 0.0072365876979278735
41.69158294480582 -0.3243406045339343 0.007243602537919944
41.693611457378104 -0.32437392325993597 0.0072500639557865594
41.69563996995038 -0.3243925939175188 0.007255985086616486
41.69766848252266 -0.3243970395246125 0.007261379065498576
41.69969699509493 -0.3243876830991468 0.0072662590275215985
41.701725507667206 -0.32436494765905116 0.007270638107774388
41.70375402023949 -0.324329256222255 0.0072745294413457595
41.70578253281176 -0.3242810318066884 0.007277946163324501
41.707811045384034 -0.32422069743028065 0.007280901408799439
41.709839557956315 -0.32414867611096104 0.007283408312859388
41.71186807052859 -0.3240653908666598 0.007285480010593139
41.71389658310086 -0.3239712647153064 0.007287129637089519
41.71592509567314 -0.3238667206748297 0.0072883703274373305
41.717953608245416 -0.3237521817631604 0.007289215216725388
41.71998212081769 -0.32362807099822744 0.007289677440042493
41.72201063338997 -0.3234948113979601 0.007289770132477464
41.724039145962244 -0.3233528259802889 0.00728950642911911
41.72606765853452 -0.323202537763143 0.00728889946505624
41.7280961711068 -0.3230443697644514 0.007287962375377658
41.73012468367907 -0.3228787450021448 0.0072867082951721856
41.732153196251346 -0.32270608649415206 0.0072851503595286245
41.73418170882363 -0.3225268172584026 0.007283301703535784
41.7362102213959 -0.3223413603128268 0.0072811754622824805
41.738238733968174 -0.32215013867535397 0.007278784770857524
41.740267246540455 -0.3219535753639128 0.007276142764349711
41.74229575911273 -0.3217520933964343 0.007273262577847871
41.744324271685 -0.3215461157908475 0.007270157346440807
41.74635278425728 -0.32133606556508115 0.007266840205217314
41.74838129682956 -0.3211223657370664 0.007263324289266226
41.75040980940183 -0.3209054393247319 0.007259622733676343
41.75243832197411 -0.3206857093460067 0.007255748673536463
41.754466834546385 -0.32046359881882197 0.0072517152439354185
41.75649534711866 -0.32023953076110634 0.0072475355799620075
41.75852385969094 -0.3200139281907888 0.007243222816705028
41.76055237226321 -0.3197872141258003 0.007238790089253315
41.76258088483549 -0.3195598115840699 0.007234250532695669
41.76460939740777 -0.31933214358352613 0.007229617282120881
41.76663790998004 -0.3191046331421004 0.007224903472617794
41.768666422552315 -0.3188777032777216 0.007220122239275202
41.770694935124595 -0.3186517770083181 0.007215286717181894
41.77272344769687 -0.31842727735182147 0.007210410041426722
41.77475196026914 -0.31820462732616045 0.007205505347098473
41.77678047284142 -0.3179842499492637 0.007200585769285941
41.7788089854137 -0.3177665682390626 0.007195664443077974
41.78083749798597 -0.31755200521348576 0.007190754503563359
41.78286601055825 -0.317340983890462 0.007185869085830891
41.784894523130525 -0.3171339272879228 0.007181021324969418
41.7869230357028 -0.3169312584237965 0.007176224356067729
41.78895154827508 -0.31673340031601227 0.007171491314214616
41.79098006084735 -0.31654077598250113 0.0071668353344989276
41.79300857341963 -0.3163538084411918 0.007162269552009453
41.79503708599191 -0.3161729207100134 0.007157807101834987
41.79706559856418 -0.3159985358068968 0.007153461119064375
41.799094111136455 -0.31583107674977084 0.007149244738786404
41.801122623708736 -0.31567096655656457 0.007145171096089875
41.80315113628101 -0.31551862824520893 0.007141253326063627
41.80517964885328 -0.31537448483363273 0.007137504563796457
41.807208161425564 -0.31523895933976503 0.0071339379443771545
41.80923667399784 -0.3151124747815366 0.007130566602894562
41.81126518657011 -0.31499545417687635 0.007127403674437477
41.81329369914239 -0.31488832054371363 0.007124462294094694
41.815322211714665 -0.3147914968999789 0.007121755596955049
41.817350724286946 -0.3147054062636008 0.0071192967181073295
41.81937923685922 -0.3146304716525097 0.007117098792640366
41.82140774943149 -0.31456711608463483 0.007115174955642956
41.823436262003774 -0.3145157625779057 0.007113538342203908
41.82546477457605 -0.3144768341502521 0.007112202087412041
41.82749328714832 -0.31445075381960363 0.007111179326356158
41.8295217997206 -0.3144379446038897 0.007110483194125069
41.831550312292876 -0.31443882952104013 0.00711012682580759
41.83357882486515 -0.3144538315889843 0.007110123356492525
41.83560733743743 -0.3144833738256521 0.0071104859212686895
41.837635850009704 -0.3145278792489728 0.007111227655224886
41.83966436258198 -0.3145877708768761 0.007112361693449931
41.84169287515426 -0.31466347172729187 0.007113901171032637
41.84372138772653 -0.31475540481814923 0.007115859223061802
41.845749900298806 -0.3148639931673779 0.007118248984626242
41.84777841287109 -0.3149896447181417 0.007121083212546085
41.84980692544336 -0.31513219661012287 0.007124360340561243
41.851835438015634 -0.31529075318042443 0.007128060414314034
41.853863950587915 -0.3154643706563095 0.007132162272234271
41.85589246316019 -0.31565210526503945 0.007136644752751734
41.85792097573246 -0.3158530132338775 0.007141486694296243
41.85994948830474 -0.31606615079008676 0.007146666935297618
41.861978000877016 -0.3162905741609284 0.007152164314185629
41.86400651344929 -0.31652533957366574 0.0071579576693900976
41.86603502602157 -0.3167695032555622 0.007164025839340852
41.868063538593844 -0.31702212143387853 0.0071703476624676524
41.87009205116612 -0.3172822503358782 0.007176901977200325
41.8721205637384 -0.31754894618882473 0.007183667621968701
41.87414907631067 -0.3178212652199787 0.0071906234352025365
41.876177588882946 -0.3180982636566037 0.007197748255331656
41.87820610145523 -0.31837899772596334 0.007205020920785895
41.8802346140275 -0.31866252365531794 0.007212420269995005
41.882263126599774 -0.3189478976719312 0.007219925141388817
41.884291639172055 -0.31923417600306664 0.0072275143733971595
41.88632015174433 -0.3195204148759849 0.0072351668044497875
41.8883486643166 -0.3198056705179494 0.007242861272976531
41.89037717688888 -0.3200889991562238 0.007250576617407225
41.89240568946116 -0.3203694570180684 0.00725829167617161
41.89443420203343 -0.3206461003307472 0.007265985287699532
41.89646271460571 -0.3209179853215234 0.007273636290420815
41.898491227177985 -0.32118416821765755 0.007281223522765206
41.90051973975026 -0.32144370524641347 0.007288725823162545
41.90254825232254 -0.32169565263505434 0.007296122030042658
41.90457676489481 -0.32193906661084104 0.007303390981835298
41.90660527746709 -0.32217300340103705 0.007310511516970298
41.90863379003937 -0.3223965192329056 0.007317462473877485
41.91066230261164 -0.32260867033370766 0.0073242226909866134
41.912690815183915 -0.3228085129307068 0.007330771006727518
41.914719327756195 -0.322995103251166 0.00733708625953002
41.91674784032847 -0.3231674975223465 0.007343147287823882
41.91877635290074 -0.32332475197151156 0.007348932930038933
41.92080486547302 -0.3234659228259243 0.007354422024604994
41.9228333780453 -0.32359006631284615 0.007359593409951832
41.92486189061757 -0.3236962386595403 0.007364425924509272
41.92689040318985 -0.3237834960932694 0.007368898406707131
41.928918915762125 -0.32385089484129553 0.007372989694975187
41.9309474283344 -0.32389749113088173 0.00737667862774326
41.93297594090668 -0.3239223411892902 0.007379944043441162
41.93500445347895 -0.3239245012437837 0.00738276478049868
41.937032966051234 -0.32390302752162453 0.007385119677345634
41.93906147862351 -0.3238569762500756 0.0073869875724118135
41.94108999119578 -0.3237854036563992 0.007388347304127034
41.94311850376806 -0.3236873659678578 0.007389177710921102
41.945147016340336 -0.3235619194117142 0.0073894576312238105
41.94717552891261 -0.32340812021523113 0.007389165903464981
41.94920404148489 -0.32322502460567026 0.007388281366074401
41.951232554057164 -0.3230116888102953 0.007386782857481888
41.95326106662944 -0.32276716936183564 0.007384649222791743
41.95528957920172 -0.32249086221137335 0.0073818667234411975
41.95731809177399 -0.3221831522193176 0.007378443228658386
41.959346604346266 -0.3218446033622586 0.007374390521382162
41.961375116918546 -0.32147577961678625 0.007369720384551362
41.96340362949082 -0.32107724495949425 0.007364444601104882
41.965432142063094 -0.32064956336697265 0.007358574953981565
41.967460654635374 -0.32019329881581077 0.0073521232261202435
41.96948916720765 -0.31970901528260326 0.007345101200459822
41.97151767977992 -0.31919727674393955 0.0073375206599391365
41.9735461923522 -0.318658647176409 0.007329393387497023
41.975574704924476 -0.31809369055660663 0.007320731166072392
41.97760321749675 -0.31750297086112156 0.007311545778604075
41.97963173006903 -0.316887052066543 0.007301849008030896
41.981660242641304 -0.3162464981494663 0.007291652637291784
41.98368875521358 -0.31558187308648056 0.007280968449325561
41.98571726778586 -0.31489374085417454 0.007269808227071046
41.98774578035813 -0.3141826654291443 0.007258183753467179
41.989774292930406 -0.3134492107879786 0.007246106811452783
41.99180280550269 -0.31269394090726604 0.007233589183966667
41.99383131807496 -0.31191741976360277 0.007220642653947778
41.995859830647234 -0.3111202113335777 0.007207279004334932
41.997888343219515 -0.310302879593779 0.007193510018066943
41.99991685579179 -0.3094659885208036 0.00717934747808276
42.00194536836406 -0.3086101020912399 0.0071648031673211985
42.00397388093634 -0.3077357842816758 0.007149888868721064
42.006002393508616 -0.30684359906870884 0.007134616365221319
42.00803090608089 -0.30593411042892704 0.007118997439760769
42.01005941865317 -0.30500788233891846 0.00710304387527822
42.012087931225444 -0.30406547877528056 0.007086767454712639
42.01411644379772 -0.30310746371460134 0.007070179961002831
42.01614495637 -0.30213440113346873 0.007053293177087596
42.01817346894227 -0.3011468550084806 0.007036118885905912
42.020201981514546 -0.30014538931622475 0.007018668870396577
42.02223049408683 -0.2991305680332888 0.0070009549134983865
42.0242590066591 -0.29810295513627105 0.006982988798150325
42.026287519231374 -0.2970631146017592 0.00696478230729119
42.028316031803655 -0.29601161040634066 0.006946347223859776
42.03034454437593 -0.29494900652661404 0.0069276953307950695
42.0323730569482 -0.29387586693916684 0.006908838411035864
42.03440156952048 -0.2927927556205864 0.006889788247520956
42.03643008209276 -0.2917002365474715 0.00687055662318933
42.03845859466503 -0.2905988736964096 0.006851155320979786
42.04048710723731 -0.28948923104398777 0.006831596123831108
42.042515619809585 -0.2883718725668054 0.006811890814682301
42.04454413238186 -0.2872473622414494 0.0067920511764721445
42.04657264495414 -0.28611626404450724 0.006772088992139435
42.04860115752641 -0.2849791419525778 0.006752016044623167
42.05062967009869 -0.2838365599422485 0.00673184411686213
42.05265818267097 -0.28268908199010634 0.006711584991795111
42.05468669524324 -0.2815372720727507 0.006691250452361114
42.05671520781552 -0.2803816941667645 0.006670852281498853
42.058743720387795 -0.27922291224874735 0.006650402262147332
42.06077223296007 -0.27806143830536123 0.006629911212621933
42.06280074553235 -0.2768974109564449 0.006609383023773194
42.06482925810462 -0.2757308056389893 0.006588818558749755
42.0668577706769 -0.2745615971053283 0.0065682186679971
42.06888628324918 -0.2733897601077954 0.006547584201960711
42.07091479582145 -0.27221526939873664 0.006526916011086287
42.072943308393725 -0.27103809973048576 0.006506214945819313
42.074971820966006 -0.26985822585537617 0.006485481856605269
42.07700033353828 -0.2686756225257542 0.006464717593889861
42.07902884611055 -0.2674902644939533 0.006443923008118566
42.081057358682834 -0.2663021265123071 0.006423098949736871
42.08308587125511 -0.26511118333316164 0.006402246269190477
42.08511438382738 -0.26391740970885075 0.006381365816924864
42.08714289639966 -0.26272078039170765 0.006360458443385516
42.089171408971936 -0.2615212701340788 0.0063395249990181365
42.09119992154421 -0.2603188536882976 0.006318566334268203
42.09322843411649 -0.2591135058066977 0.006297583299581204
42.095256946688764 -0.2579052012416252 0.006276576745402838
42.09728545926104 -0.25669391474541375 0.006255547522178586
42.09931397183332 -0.2554796210703968 0.006234496480353933
42.10134248440559 -0.25426229496892067 0.006213424470374582
42.103370996977866 -0.2530419111933188 0.006192332342686012
42.105399509550146 -0.2518184444959247 0.006171220947733707
42.10742802212242 -0.2505918696290848 0.00615009113596337
42.109456534694694 -0.24936216134513242 0.006128943757820481
42.111485047266974 -0.24812929439640113 0.006107779663750523
42.11351355983925 -0.24689324353523734 0.0060865997041992
42.11554207241152 -0.2456539835139745 0.006065404729611991
42.1175705849838 -0.2444114890849459 0.0060441955904343815
42.119599097556076 -0.243165735000498 0.006022973137112071
42.12162761012835 -0.2419166960129646 0.006001738220090546
42.12365612270063 -0.24066434687467855 0.005980491689815282
42.125684635272904 -0.2394086623379867 0.0059592343967319866
42.12771314784518 -0.2381496171552223 0.005937967191286139
42.12974166041746 -0.23688718607871878 0.005916690923923223
42.13177017298973 -0.23562134386082273 0.005895406445088943
42.133798685562006 -0.23435206525386748 0.0058741146052287765
42.13582719813429 -0.2330793250101863 0.005852816254788206
42.13785571070656 -0.23180309788212605 0.00583151224421294
42.139884223278834 -0.23052335862201978 0.005810203423948454
42.141912735851115 -0.22924008198220097 0.0057888906444402335
42.14394124842339 -0.22795324271501627 0.00576757475613398
42.14596976099566 -0.22666281557279896 0.005746256609475177
42.14799827356794 -0.22536877530788232 0.005724937054909302
42.15002678614022 -0.22717792459469352 0.0026888906709404115
42.15205529871249 -0.22597448265273518 0.0026847285688444554
42.15408381128477 -0.22475942388767364 0.002680328335425499
42.156112323857045 -0.22353290533229464 0.002675695838464855
42.15814083642932 -0.22229507985857241 0.002670836816337628
42.1601693490016 -0.22104609634494637 0.0026657568830121777
42.16219786157387 -0.2197860998374826 0.002660461532859571
42.164226374146146 -0.2185152317051946 0.0026549561452824063
42.16625488671843 -0.2172336286105579 0.002649246022821989
42.1682833992907 -0.21594139805259266 0.002643337099313407
42.17031191186298 -0.21463861911548232 0.002637235934163264
42.172340424435255 -0.21332536652386638 0.002630949035612899
42.17436893700753 -0.21200171180256172 0.002624482833462826
42.17639744957981 -0.21066772340248444 0.002617843681001976
42.17842596215208 -0.20932346682287506 0.0026110378568313607
42.18045447472436 -0.20796900473006433 0.002604071566587257
42.18248298729664 -0.20660439707313238 0.0025969509445693557
42.18451149986891 -0.2052297011966791 0.0025896820552785494
42.186540012441185 -0.20384497195090565 0.002582270894868722
42.188568525013466 -0.20245026179933345 0.0025747233925174882
42.19059703758574 -0.2010456209243414 0.0025670454117199177
42.19262555015801 -0.19963109733069676 0.002559242751509182
42.194654062730294 -0.19820673694737637 0.0025513211476085713
42.19668257530257 -0.1967725837278351 0.0025432862735185876
42.19871108787484 -0.19532867974887005 0.0025351437415426104
42.20073960044712 -0.19387506530835535 0.00252689910375535
42.202768113019395 -0.19241177902198234 0.002518557852917472
42.20479662559167 -0.1909388579191291 0.002510125423339664
42.20682513816395 -0.18945633753811708 0.0025016071917001704
42.20885365073622 -0.1879642520209658 0.0024930084778190032
42.2108821633085 -0.18646263420775097 0.002484334545391961
42.21291067588078 -0.18495151573080293 0.0024755906026884037
42.21493918845305 -0.18343092710883924 0.00246678180321589
42.216967701025325 -0.18190089784111196 0.002457913246354777
42.218996213597606 -0.18036145650179247 0.002448989977966715
42.22102472616988 -0.1788126308346632 0.0024400169909801566
42.22305323874215 -0.1772544478481781 0.0024309992259559797
42.225081751314434 -0.17568693391109322 0.0024219415716372496
42.22711026388671 -0.1741101148487161 0.0024128488654862794
42.22913877645898 -0.1725240160398112 0.002403725894212202
42.23116728903126 -0.17092866251434213 0.0023945773942931677
42.233195801603536 -0.16932407905207297 0.0023854080524964576
42.23522431417581 -0.16771029028204176 0.0023762225063998677
42.23725282674809 -0.16608732078306018 0.00236702534491861
42.239281339320364 -0.16445519518523416 0.0023578211088411912
42.24130985189264 -0.16281393827248758 0.0023486142913777624
42.24333836446492 -0.16116357508621462 0.0023394093387253847
42.24536687703719 -0.15950413103002214 0.0023302106506538057
42.247395389609466 -0.15783563197550898 0.0023210225811154295
42.249423902181746 -0.15615810436917382 0.0023118494388840627
42.25145241475402 -0.15447157534037426 0.0023026954882262077
42.253480927326294 -0.15277607281024372 0.002293564949608709
42.255509439898574 -0.15107162560161788 0.0022844620004474772
42.25753795247085 -0.14935826354984869 0.002275390775901158
42.25956646504312 -0.1476360176143659 0.002266355369713642
42.2615949776154 -0.14590491999099287 0.002257359835110205
42.263623490187676 -0.14416500422484288 0.002248408185751164
42.26565200275995 -0.14241630532360475 0.00223950439674696
42.26768051533223 -0.1406588598711715 0.0022306524057393784
42.269709027904504 -0.1388927061413828 0.0022218561140527255
42.27173754047678 -0.13711788460193017 0.0022131193791082382
42.27376605304906 -0.13533450770617286 0.002204444446342824
42.27579456562133 -0.1335428399808795 0.0021958301707062236
42.277823078193606 -0.13174316636533143 0.002187275011655504
42.27985159076589 -0.1299357725632508 0.00217877748309997
42.28188010333816 -0.12812094494742288 0.002170336160763301
42.283908615910434 -0.1262989704669082 0.002161949689214039
42.285937128482715 -0.1244701365571114 0.0021536167885519166
42.28796564105499 -0.12263473105279923 0.002145336260736862
42.28999415362726 -0.12079304210416045 0.0021371069955476558
42.29202266619954 -0.11894535809617067 0.0021289279761581726
42.29405117877182 -0.11709196757135362 0.0021207982843185007
42.2960796913441 -0.11523315915601957 0.002112717105128381
42.29810820391637 -0.11336922149028869 0.002104683731391567
42.300136716488645 -0.11150044316184882 0.002096697567538325
42.302165229060925 -0.109627112643753 0.0020887581331050196
42.3041937416332 -0.10774951823633348 0.002080865065758921
42.30622225420547 -0.1058679480133131 0.0020730181238565837
42.30825076677775 -0.10398268977237039 0.0020652171885250648
42.31027927935003 -0.10209403099023735 0.0020574622652546953
42.3123077919223 -0.10020225878240542 0.0020497534849922712
42.31433630449458 -0.09830765986769299 0.0020420911047244693
42.316364817066855 -0.09641052053774773 0.0020344755075407082
42.31839332963913 -0.09451112663155503 0.0020269072021648345
42.32042184221141 -0.0926097635152017 0.0020193868219459286
42.32245035478368 -0.09070671606696384 0.002011915123297908
42.32447886735596 -0.0888022686677855 0.0020044929835777952
42.32650737992824 -0.08689670519739334 0.0019971213983933297
42.32853589250051 -0.08499030903611238 0.001989801478330039
42.330564405072785 -0.08308336307244522 0.001982534445087985
42.332592917645066 -0.081176149716657 0.001975321627019213
42.33462143021734 -0.0792689509204272 0.001968164454056308
42.33664994278961 -0.0773620482026282 0.0019610644520225455
42.338678455361894 -0.07545572268147015 0.0019540232363148727
42.34070696793417 -0.07355025511307069 0.0019470425049502864
42.34273548050644 -0.07164592593650802 0.001940124030966232
42.34476399307872 -0.06974301532559492 0.0019332696541662958
42.346792505650996 -0.06784180324743229 0.0019264812722017798
42.34882101822327 -0.06594256952779902 0.0019197608309797212
42.35084953079555 -0.06404559392361774 0.0019131103143885098
42.352878043367824 -0.0621511562025536 0.0019065317333314816
42.3549065559401 -0.06025953626101739 0.0019000271022235865
42.35693506851238 -0.05837101913130735 0.0018935965549858893
42.35896358108465 -0.05648590037672565 0.0018872362633539207
42.360992093656925 -0.05460447707327262 0.0018809418377629173
42.363020606229206 -0.05272704658355783 0.0018747088123977078
42.36504911880148 -0.050853906628228106 0.0018685326412191715
42.36707763137375 -0.04898535535966873 0.0018624086939840608
42.369106143946034 -0.047121691438175996 0.0018563322522500059
42.37113465651831 -0.04526321411063754 0.0018502985053559847
42.37316316909058 -0.043410223291773124 0.0018443025463675997
42.37519168166286 -0.0415630196481825 0.00183833936797609
42.377220194235136 -0.03972190468528791 0.0018324038583383852
42.37924870680741 -0.03788716538938765 0.0018264917357755114
42.38127721937969 -0.036059009955190166 0.0018206034442587245
42.383305731951964 -0.034237621528535704 0.0018147408645520476
42.38533424452424 -0.032423183636802404 0.0018089057690811605
42.38736275709652 -0.030615880087747294 0.0018030998332125591
42.38939126966879 -0.02881589485945996 0.0017973246469236662
42.391419782241066 -0.02702341199345526 0.0017915817261311138
42.393448294813346 -0.025238615491069472 0.0017858725236768967
42.39547680738562 -0.023461689213165805 0.001780198439970224
42.397505319957894 -0.021692816783171406 0.0017745608332816014
42.399533832530174 -0.019932181493648945 0.0017689610296849113
42.40156234510245 -0.01817996621645001 0.001763400332641443
42.40359085767472 -0.016436353316512643 0.0017578800322186024
42.405619370247 -0.014701524569543763 0.0017524014139353131
42.407647882819276 -0.012975661083672471 0.0017469657672244084
42.40967639539156 -0.011258943225169056 0.0017415743935011389
42.41170490796383 -0.009551550548546976 0.0017362286138264552
42.413733420536104 -0.007853661731044154 0.0017309297761515972
42.415761933108385 -0.006165454511822746 0.0017256792621305188
42.41779044568066 -0.0044871056360250815 0.0017204784934850249
42.41981895825293 -0.0028187908038412976 0.0017153289379065956
42.42184747082521 -0.0011606846249121927 0.0017102321144784902
42.42387598339749 0.00048703942176188386 0.0017051895986004361
42.42590449596976 0.00212420902222548 0.0017002030263974857
42.42793300854204 0.003750653055943208 0.0016952740985944857
42.429961521114315 0.005366201617955687 0.0016904045838365643
42.43199003368659 0.0069706860346199565 0.0016855963214356265
42.43401854625887 0.008563938872582557 0.0016808512235229915
42.43604705883114 0.010145793940787368 0.0016761712765876228
42.43807557140342 0.011716086285317936 0.001671558542379362
42.4401040839757 0.013274652176726577 0.0016670151581570784
42.44213259654797 0.014821329089658154 0.0016625433362614335
42.444161109120245 0.016355955674579342 0.001658145362992335
42.446189621692525 0.017878371721285712 0.0016538235967721532
42.4482181342648 0.01938841811401743 0.0016495804655760613
42.45024664683707 0.020885936778023223 0.0016454184636117866
42.45227515940935 0.02237077061728431 0.001641340147232598
42.45430367198163 0.023842763443271107 0.0016373481300682336
42.4563321845539 0.025301759894622654 0.001633445077360035
42.45836069712618 0.026747606843965672 0.0016296337423198216
42.460389209698455 0.028180199651819223 0.0016259182850822168
42.46241772227073 0.029599490685941143 0.0016223045095344639
42.46444623484301 0.03100543550112805 0.0016187983171017564
42.46647474741528 0.03239798949300836 0.0016154056060143861
42.46850325998756 0.033777107865761116 0.0016121322650860805
42.47053177255984 0.035142745600121844 0.0016089841671355588
42.47256028513211 0.036494857421812285 0.0016059671620592632
42.474588797704385 0.03783339777053482 0.001603087069565673
42.476617310276666 0.039158320769551586 0.0016003496715845439
42.47864582284894 0.040469580196004835 0.0015977607043667717
42.48067433542121 0.041767129452138375 0.0015953258502934642
42.482702847993494 0.04305092153746087 0.0015930507294158918
42.48473136056577 0.04432091067531259 0.0015909405724149547
42.48675987313804 0.045577073623347474 0.0015889960897856295
42.48878838571032 0.04681940327153059 0.001587214649542685
42.490816898282596 0.0480478920104181 0.0015855934687410706
42.49284541085487 0.04926253134475025 0.0015841296962767224
42.49487392342715 0.05046331190186219 0.001582820420366743
42.496902435999424 0.0516502234430906 0.0015816626759236599
42.4989309485717 0.05282325487813733 0.0015806534518011113
42.50095946114398 0.05398239428223041 0.001579789697889562
42.50298797371625 0.05512762891603107 0.0015790683320417395
42.505016486288525 0.056258945248223856 0.0015784862468088085
42.507044998860806 0.057376328980614476 0.0015780403159696686
42.50907351143308 0.058479765075664485 0.001577727400837057
42.51110202400535 0.059569237786385155 0.0015775443563255352
42.513130536577634 0.06064473068840506 0.0015774880367678795
42.51515904914991 0.06170622671413037 0.0015775553014677546
42.51718756172218 0.0627537081889114 0.0015777430199779585
42.51921607429446 0.06378715686902846 0.0015780480770949364
42.521244586866736 0.06480655398141184 0.0015784673775615895
42.52327309943901 0.06581188026500878 0.0015789978504717759
42.52530161201129 0.06680311601361472 0.0015796364533711635
42.527330124583564 0.06778024112008657 0.001580380176050354
42.52935863715584 0.06874323512185623 0.0015812260440274538
42.53138714972812 0.06969207724757091 0.0015821711217183134
42.53341566230039 0.07062674646478768 0.0015832125152938368
42.53544417487267 0.07154722152865202 0.0015843473752247916
42.53747268744495 0.0724534810313807 0.0015855728985153985
42.53950120001722 0.07334550345255564 0.0015868863306280616
42.5415297125895 0.07422326721005945 0.0015882849671022424
42.543558225161775 0.07508675071160588 0.0015897661548713302
42.54558673773405 0.07593593240681497 0.0015913272932820894
42.54761525030633 0.07677079083970939 0.0015929658348217308
42.5496437628786 0.0775913047015968 0.0015946792855583128
42.551672275450876 0.07839745288430662 0.0015964652053006728
42.55370078802316 0.07918921453367876 0.001598321207484338
42.55572930059543 0.07996656910328753 0.0016002449587903366
42.557757813167704 0.08072949640838721 0.0016022341785041168
42.559786325739985 0.08147797667999929 0.001604286637621821
42.56181483831226 0.08221199813301111 0.0016064002556964883
42.56384335088453 0.08293164454266494 0.0016085742423283679
42.56587186345681 0.08363706606195344 0.001610808719161759
42.56790037602909 0.08432841580451257 0.0016131038913606212
42.56992888860136 0.08500584861484434 0.0016154600280205975
42.57195740117364 0.08566952108995465 0.001617877458563381
42.573985913745915 0.08631959159045666 0.0016203565686809288
42.57601442631819 0.08695622024134964 0.0016228977958403874
42.57804293889047 0.08757956892263127 0.0016255016243603643
42.58007145146274 0.08818980124996814 0.0016281685800693365
42.58209996403502 0.08878708254565354 0.00163089922455693
42.5841284766073 0.08937157980002493 0.0016336941490283793
42.58615698917957 0.08994346162357737 0.0016365539677725418
42.588185501751845 0.09050289819000676 0.0016394793112536343
42.590214014324125 0.09105006149661707 0.0016424708436774318
42.5922425268964 0.09158514643508937 0.0016455308693991164
42.59427103946867 0.09210838322249214 0.0016486643020904748
42.59629955204095 0.09262000552381609 0.0016518762527276485
42.59832806461323 0.09312024727756966 0.00165517179053572
42.6003565771855 0.09360934265703016 0.0016585559422080981
42.60238508975778 0.09408752603066617 0.0016620336911249006
42.604413602330055 0.09455503192176731 0.0016656099765749166
42.60644211490233 0.09467184069430504 0.0009369092153884137
42.60847062747461 0.09508344570841964 0.0009415927020136317
42.61049914004688 0.09548875469562192 0.0009462147564051649
42.61252765261916 0.09588785582547303 0.000950780915523903
42.61455616519144 0.09628084266652823 0.0009552965362157395
42.61658467776371 0.09666781382003775 0.0009597668025638851
42.618613190335985 0.09704887257294464 0.0009641967327311191
42.620641702908266 0.0974241265684935 0.0009685911853423999
42.62267021548054 0.09779368749297374 0.0009729548654542759
42.62469872805281 0.09815767077727712 0.0009772923301535447
42.626727240625094 0.09851619531205359 0.0009816079938235844
42.62875575319737 0.0988693831754143 0.0009859061331139115
42.63078426576964 0.09921735937224442 0.0009901908916455386
42.63281277834192 0.09956025158425993 0.0009944662844815454
42.634841290914196 0.09989818993007218 0.0009987362023901984
42.63686980348647 0.10023130673460882 0.001003004415925629
42.63889831605875 0.10055973630728646 0.0010072745793485544
42.640926828631024 0.10088361472843432 0.0010115502344079596
42.6429553412033 0.10120307964353156 0.001015834814002818
42.64498385377558 0.10151827006484877 0.0010201316457408276
42.64701236634785 0.10182932618016856 0.001024443955409935
42.64904087892013 0.10213638916830824 0.0010287748703769568
42.651069391492406 0.10243960102117237 0.0010331274229256513
42.65309790406468 0.10273910437216166 0.0010375045535461265
42.65512641663696 0.10303504233074004 0.001041909114185368
42.657154929209234 0.10332755832302996 0.0010463438714680264
42.65918344178151 0.10361679593833202 0.0010508115098954846
42.66121195435379 0.1039028987814604 0.0010553146350297323
42.66324046692606 0.10418601033083519 0.001059855776668001
42.665268979498336 0.10446626801675624 0.0010644369968376235
42.66729749207062 0.10474377278174381 0.0010690578436167667
42.66932600464289 0.10501861099976188 0.0010737169081758045
42.671354517215164 0.10529086823764112 0.0010784127859755825
42.673383029787445 0.10556062928856873 0.001083144089264621
42.67541154235972 0.10582797818057776 0.0010879094565887394
42.67744005493199 0.10609299818814848 0.0010927075613096035
42.67946856750427 0.10635577184642707 0.0010975371191662467
42.68149708007655 0.10661638096763718 0.001102396894916414
42.68352559264882 0.10687490665929647 0.0011072857080963693
42.6855541052211 0.10713142934386823 0.0011122024379386524
42.687582617793375 0.1073860287795382 0.0011171460274885534
42.68961113036565 0.10763878408184618 0.0011221154869604953
42.69163964293793 0.1078897737459108 0.0011271098963750608
42.6936681555102 0.10813907566904625 0.0011321284075175603
42.695696668082476 0.10838676717360603 0.0011371702452564068
42.69772518065476 0.10863292566417138 0.0011422345193163909
42.69975369322703 0.10887763034801586 0.0011473197044048163
42.701782205799304 0.10912096036476875 0.0011524241780569617
42.703810718371585 0.10936299423068045 0.0011575463856413675
42.70583923094386 0.10960380984746909 0.0011626848403320127
42.70786774351613 0.1098434845129643 0.0011678381226711864
42.70989625608841 0.11008209493353657 0.0011730048797455761
42.71192476866069 0.11031971723833302 0.001178183823997009
42.71395328123296 0.11055642699534633 0.0011833737316877214
42.71598179380524 0.11079229922932678 0.0011885734410380189
42.718010306377515 0.11102740844157478 0.0011937818500531825
42.72003881894979 0.1112618286316522 0.0011989979140550192
42.72206733152207 0.11149563332103236 0.0012042206429315647
42.72409584409434 0.11172889557873017 0.001209449098117576
42.72612435666662 0.1119616880489541 0.0012146823893171405
42.7281528692389 0.11219408298079951 0.0012199196709779916
42.73018138181117 0.11242615226002234 0.0012251601385263962
42.732209894383445 0.11265796744293131 0.0012304030243703399
42.734238406955726 0.11288959979241144 0.0012356475936771188
42.736266919528 0.11312112031611239 0.0012408931399309113
42.73829543210027 0.11335259980683064 0.0012461389802748502
42.740323944672554 0.11358410888509012 0.0012513844506406753
42.74235245724483 0.1138157180439458 0.0012566289006685858
42.7443809698171 0.11404749769602898 0.0012618716884189936
42.74640948238938 0.1142795182228307 0.0012671121748765168
42.748437994961655 0.11451185002623623 0.0012723497182461603
42.75046650753393 0.11474456358232193 0.0012775836680407923
42.75249502010621 0.11497772949740064 0.0012828133589576868
42.75452353267848 0.1152114185663207 0.0012880381045415512
42.75655204525076 0.11544570183302187 0.001293257190630623
42.75858055782304 0.115680650653327 0.0012984698685810567
42.76060907039531 0.11591633675996871 0.0013036753482644746
42.762637582967585 0.11615283232984873 0.0013088727908326225
42.764666095539866 0.11639021005350457 0.0013140613012416823
42.76669460811214 0.11662854320557049 0.0013192399207739966
42.76872312068441 0.11686790025499758 0.0013244087275421739
42.770751633256694 0.11710833228771479 0.001329571382911511
42.77278014582897 0.11734988722521851 0.001334732232802409
42.77480865840124 0.11759261350778347 0.0013398955616066126
42.77683717097352 0.11783656007848813 0.0013450655990457229
42.778865683545796 0.11808177637093506 0.001350246526538907
42.780894196118076 0.1183283123003546 0.001355442483116885
42.78292270869035 0.1185762182577856 0.001360657570914029
42.784951221262624 0.11882554510711044 0.0013658958602671928
42.786979733834904 0.11907634418470288 0.0013711613944449948
42.78900824640718 0.11932866730151234 0.0013764581940283824
42.79103675897945 0.11958256674743106 0.001381790260959988
42.79306527155173 0.11983809529779832 0.0013871615822762693
42.795093784124006 0.12009530622194171 0.0013925761335341217
42.79712229669628 0.12035425329368324 0.0013980378819410957
42.79915080926856 0.12061499080373461 0.001403550789195443
42.801179321840834 0.12087757357395433 0.0014091188140405492
42.80320783441311 0.12114205044226085 0.0014147460491702902
42.80523634698539 0.12140840887007866 0.0014204378652047363
42.80726485955766 0.12167660261472328 0.0014262003417504746
42.809293372129936 0.12194658544686346 0.0014320395743043465
42.81132188470222 0.12221831142209717 0.0014379616706721118
42.81335039727449 0.122491734795806 0.0014439727545883718
42.815378909846764 0.12276680993954951 0.0014500789691469149
42.817407422419045 0.12304349125900597 0.001456286480035459
42.81943593499132 0.12332173311350017 0.0014626014785689737
42.82146444756359 0.12360148987569282 0.0014690300918660823
42.82349296013587 0.12388271793058865 0.0014755769609362747
42.82552147270815 0.12416537494375515 0.0014822455440419457
42.82754998528042 0.12444941787143136 0.0014890393397461873
42.8295784978527 0.1247348028147732 0.0014959619266950396
42.831607010424975 0.12502148493679818 0.0015030169658387222
42.83363552299725 0.1253094183858795 0.001510208201928324
42.83566403556953 0.12559855622567598 0.0015175394643005783
42.8376925481418 0.12588885037141023 0.00152501466696569
42.839721060714076 0.12618025153240642 0.0015326378080149582
42.84174957328636 0.12647270916077116 0.0015404129683659778
42.84377808585863 0.12676617140612928 0.0015483443098656226
42.845806598430904 0.12706058507632784 0.0015564360727727848
42.847835111003185 0.12735589560399538 0.0015646925726438034
42.84986362357546 0.12765204701887356 0.0015731181966458887
42.85189213614773 0.12794898192584284 0.0015817173993255057
42.85392064872001 0.1282466414885351 0.0015904946978594096
42.85594916129229 0.12854496541846186 0.0015994546668182568
42.85797767386456 0.12884389196958626 0.001608601932474105
42.86000618643684 0.1291433579382447 0.001617941166683515
42.862034699009115 0.12944329866835239 0.0016274770803799013
42.86406321158139 0.1297436480618314 0.0016372144167097966
42.86609172415367 0.1300443385941732 0.001647157943847647
42.86812023672594 0.13034530133507646 0.0016573124475252707
42.87014874929822 0.13064646572935176 0.0016676827003668502
42.8721772618705 0.13094773642232033 0.0016782712677932564
42.87420577444277 0.13124897461500334 0.001689076681253244
42.876234287015045 0.13128324759826188 0.0008622290643907756
42.878262799587326 0.13150596484883623 0.0008643735659225293
42.8802913121596 0.1317299336303715 0.0008667045286956426
42.88231982473187 0.13195511735910775 0.0008692230978789955
42.884348337304154 0.13218147839775535 0.0008719303160472851
42.88637684987643 0.13240897794023254 0.0008748271198371581
42.88840536244871 0.13263757590343295 0.0008779143369741453
42.89043387502098 0.13286723082688792 0.0008811926836813489
42.892462387593255 0.13309789978110242 0.0008846627624770634
42.894490900165536 0.1333295382851703 0.0008883250603637833
42.89651941273781 0.13356210023417137 0.0008921799474074163
42.89854792531008 0.1337955378367219 0.0008962276757018445
42.900576437882364 0.1340298015629029 0.0009004683787101608
42.90260495045464 0.13426484010269105 0.0009049020709711097
42.90463346302691 0.13450060033490077 0.0009095286481565106
42.90666197559919 0.13473702730651657 0.0009143478874625742
42.908690488171466 0.13497406513240837 0.000919359432621124
42.91071900074374 0.13521168635585082 0.0009245622892779953
42.91274751331602 0.13544989795841783 0.0009299547254614799
42.914776025888294 0.13568870662381194 0.0009355348720035217
42.91680453846057 0.13592811651558379 0.0009413007608185569
42.91883305103285 0.13616812927569552 0.000947250325322031
42.92086156360512 0.13640874403571096 0.0009533814010860127
42.922890076177396 0.1366499574394849 0.0009596917267175842
42.92491858874968 0.13689176367620343 0.0009661789449439801
42.92694710132195 0.13713415452266842 0.0009728406038881265
42.928975613894224 0.1373771190810476 0.0009796741580958203
42.931004126466505 0.13762063636133623 0.0009866769600571995
42.93303263903878 0.1378646749954803 0.0009938462614725108
42.93506115161105 0.13810920104047655 0.0010011792255226245
42.93708966418333 0.13835417841069306 0.001008672929287988
42.939118176755606 0.13859956893295267 0.0010163243657410573
42.94114668932788 0.1388453324057121 0.0010241304458110426
42.94317520190016 0.13909142666156699 0.0010320880005040313
42.945203714472434 0.1393378076323952 0.0010401937830628932
42.94723222704471 0.139584429416507 0.001048444471152145
42.94926073961699 0.1398312443472037 0.0010568366690529537
42.95128925218926 0.1400782030622254 0.0010653669098550436
42.953317764761536 0.14032525457362113 0.001074031657633144
42.95534627733382 0.14057234633760302 0.001082827309595697
42.95737478990609 0.1408194243240176 0.0010917501981951817
42.959403302478364 0.1410664330851145 0.0011007965931903378
42.961431815050645 0.14131331582331297 0.0011099627036505536
42.96346032762292 0.1415600144577296 0.0011192446798943556
42.96548884019519 0.14180646968927033 0.0011286386153547584
42.96751735276747 0.14205262106410138 0.0011381405483641205
42.96954586533975 0.14229840703536836 0.0011477464638527325
42.97157437791202 0.14254376502306462 0.0011574522949560852
42.9736028904843 0.14278863369487463 0.0011672539541968624
42.975631403056575 0.14303300604509972 0.0011771480431353042
42.97765991562885 0.14327693261898053 0.0011871318981781184
42.97968842820113 0.14352046745424138 0.0011972028705302883
42.9817169407734 0.1437636656481644 0.001207358294206898
42.983745453345676 0.14400658357631604 0.0012175954892872402
42.98577396591796 0.14424927909338753 0.00122791176479521
42.98780247849023 0.14449181171690953 0.0012383044212131813
42.989830991062504 0.1447342427945605 0.0012487707526360205
42.991859503634785 0.1449766356557318 0.0012593080485704105
42.99388801620706 0.1452190557480039 0.0012699135953851603
42.99591652877933 0.1454615707591674 0.001280584677417819
42.99794504135161 0.145704250725378 0.001291318577741529
42.99997355392389 0.14594716812604458 0.0013021125785967265
43.00200206649616 0.14619039796604003 0.0013129639614920254
43.00403057906844 0.14643401784579366 0.0013238700069773107
43.006059091640715 0.1466781080198464 0.0013348279940928313
43.00808760421299 0.14692275144445097 0.0013458351994978563
43.01011611678527 0.14716803381477953 0.0013568888962811755
43.01214462935754 0.14741404359233376 0.0013679863524565304
43.01417314192982 0.14766087199703776 0.001379124830372317
43.0162016545021 0.14790859560964356 0.0013903024040080529
43.01823016707437 0.14815724567887834 0.0014015194155733793
43.02025867964665 0.1484068468017201 0.0014127766692054713
43.022287192218926 0.14865742464373075 0.0014240750626308425
43.0243157047912 0.14890900568203197 0.0014354155915920978
43.02634421736348 0.14916161695184002 0.0014467993534177073
43.028372729935754 0.1494152857967002 0.0014582275497476043
43.03040124250803 0.1496700396226864 0.0014697014884232876
43.03242975508031 0.14992590565691755 0.0014812225845466762
43.03445826765258 0.1501829107108582 0.0014927923607104595
43.036486780224855 0.1504410816085846 0.0015044124754764882
43.038515292797136 0.15070047166618133 0.0015160859008757038
43.04054380536941 0.1509611703457977 0.0015278173644610797
43.04257231794168 0.15122326976051767 0.0015396118830241442
43.044600830513964 0.15148686205909437 0.0015514746513115908
43.04662934308624 0.151752039326345 0.0015634110402860438
43.04865785565851 0.1520188934904431 0.001575426594487866
43.05068636823079 0.15228751623780767 0.0015875270285131088
43.052714880803066 0.15255799893623434 0.0015997182226252667
43.05474339337534 0.15283043256682163 0.001612006217520342
43.05677190594762 0.15310490766512336 0.001624397208265794
43.058800418519894 0.1533815142718729 0.0016368975374376293
43.06082893109217 0.15366034189351266 0.0016495136874827556
43.06285744366445 0.1539414794726132 0.0016622522723356039
43.06488595623672 0.15422501536816702 0.0016751200283224472
43.066914468808996 0.15451103734560936 0.0016881238043902314
43.06894298138128 0.1547996325762637 0.001701270551698969
43.07097149395355 0.1550908876457988 0.0017145673126213667
43.073000006525824 0.1553848885711558 0.0017280212091967365
43.075028519098105 0.15568172082524773 0.0017416394310882403
43.07705703167038 0.15598145601844088 0.0017554291871349301
43.07908554424265 0.156284024860021 0.0017693973501471214
43.08111405681493 0.1565892738278839 0.001783550596227363
43.083142569387206 0.15689704838481425 0.0017978956154518953
43.08517108195948 0.15720719430131627 0.0018124391017528662
43.08719959453176 0.15751955782729724 0.0018271877395262728
43.089228107104034 0.1578339858479876 0.0018421481900925461
43.09125661967631 0.15815032602346138 0.001857327078077282
43.09328513224859 0.1584684269111774 0.001872730977778252
43.09531364482086 0.15878813807108919 0.001888366399585628
43.097342157393136 0.15910931015297172 0.001904239776521157
43.09937066996542 0.1594317949656925 0.0019203574509587095
43.10139918253769 0.15975544561423818 0.001936725701258248
43.103427695109964 0.16008012151002032 0.0019533529958288493
43.105456207682245 0.16040569140297536 0.001970251195417915
43.10748472025452 0.16073202660101563 0.00198743230144322
43.10951323282679 0.1610590003630865 0.0020049081581621137
43.11154174539907 0.1613864879102729 0.002022690455413681
43.11357025797135 0.1617143664133524 0.002040790731569087
43.11559877054362 0.162042514958088 0.0020592203767110123
43.1176272831159 0.16237081448955804 0.002077990636055084
43.119655795688175 0.1626991477368895 0.0020971126136218286
43.12168430826045 0.1630274085145218 0.0021165966198300238
43.12371282083273 0.1633555545593508 0.002136448486170581
43.125741333405 0.1636835690294099 0.002156672272531464
43.127769845977284 0.16401143414440317 0.0021772721064396297
43.12979835854956 0.16433913072127504 0.0021982522072433583
43.13182687112183 0.16466663783128865 0.0022196169010038807
43.13385538369411 0.16499393249798405 0.0022413706318794406
43.135883896266385 0.1653209894339086 0.0022635179702893992
43.13791240883866 0.16564778081383616 0.002286063618150132
43.13994092141094 0.16597427608205945 0.0023090124114706766
43.14196943398321 0.1663004417913349 0.002332369320591682
43.14399794655549 0.16662624068694568 0.0023561394346786
43.14602645912777 0.16695157015368736 0.0023803268860599384
43.14805497170004 0.16727621816269478 0.0024049340707879034
43.150083484272315 0.1675999595445648 0.0024299633162524186
43.152111996844596 0.16792256665962507 0.002455417060874976
43.15414050941687 0.16824380964403718 0.002481297851177482
43.15616902198914 0.16856345665630063 0.0025076083378244613
43.158197534561424 0.16888127412187925 0.0025343512707628277
43.1602260471337 0.16919702697402372 0.002561529493572695
43.16225455970597 0.16951047888917192 0.0025891459371303552
43.16428307227825 0.1698213925155786 0.002617203612670493
43.166311584850526 0.17012952969413328 0.002645705604326465
43.1683400974228 0.17043465167059138 0.0026746550612178482
43.17036860999508 0.17073651929865505 0.0027040551891428077
43.172397122567354 0.1710348932335952 0.00273390924192742
43.17442563513963 0.17132953411630877 0.002764220512476918
43.17645414771191 0.1716202027478586 0.0027949923235644656
43.17848266028418 0.17190666025474 0.0028262280183900227
43.180511172856455 0.1721887117106746 0.0028579310493590227
43.182539685428736 0.17246639492213697 0.0028901053957239684
43.18456819800101 0.1727398263241094 0.002922755205013571
43.18659671057328 0.17300912438480254 0.0029558846093076714
43.188625223145564 0.17327440978052605 0.0029894977150978115
43.19065373571784 0.1735358056041155 0.003023598593097952
43.19268224829011 0.17379343755721952 0.0030581912678967625
43.19471076086239 0.17404743412769694 0.003093279707452408
43.196739273434666 0.17429792675337585 0.003128867812431465
43.19876778600694 0.17454504997339831 0.003164959405391406
43.20079629857922 0.17478894156832184 0.0032015582198006536
43.202824811151494 0.1750297426901394 0.0032386678888914272
43.20485332372377 0.17526759798334648 0.0032762919343388625
43.20688183629605 0.17550265569812776 0.003314433754754472
43.20891034886832 0.1757350677967231 0.0033530966139836797
43.210938861440596 0.17596499005400018 0.0033922836291954517
43.21296737401288 0.1761925821532062 0.0034319977587466315
43.21499588658515 0.17641801778067603 0.0034722416829475696
43.217024399157424 0.176641534010071 0.003513017264853555
43.219052911729705 0.17686339379523186 0.0035543259392658466
43.22108142430198 0.17708386425270983 0.0035961689329838294
43.22310993687425 0.17730321666075138 0.0036385472527615545
43.22513844944653 0.17752172649079445 0.003681461672565612
43.227166962018806 0.17773967064979027 0.003724912947305881
43.22919547459108 0.17795727471340522 0.0037689060829426352
43.23122398716336 0.17817471531741613 0.0038134500891174616
43.233252499735634 0.1783921675101688 0.003858554100710041
43.23528101230791 0.1786098061880561 0.0039042272504974124
43.23730952488019 0.17882780570468132 0.003950478690883579
43.23933803745246 0.17904633950078816 0.003997317614226696
43.241366550024736 0.17926557975428545 0.004044753271858197
43.24339506259702 0.1794856970498862 0.004092794991865055
43.24542357516929 0.17970686006807937 0.004141452195694336
43.247452087741564 0.17992923529330168 0.004190734413625366
43.249480600313845 0.18015298674127514 0.004240651299138059
43.25150911288612 0.18037827605809512 0.004291212642876712
43.25353762545839 0.1806053332975297 0.0043424285210091835
43.25556613803067 0.18083454257972076 0.0043943094702072255
43.25759465060295 0.18106630493281534 0.004446866234276855
43.25962316317523 0.18130101708872418 0.004500109732913143
43.2616516757475 0.18153907142957848 0.004554051069977448
43.263680188319775 0.1817808559594564 0.00460870154070898
43.265708700892056 0.1820267543012607 0.004664072637852344
43.26773721346433 0.18227714571864861 0.004720176056688915
43.2697657260366 0.18253240516287883 0.004777023698960435
43.271794238608884 0.1827929033443723 0.004834627675669268
43.27382275118116 0.1830590068287415 0.004893000308747128
43.27585126375343 0.1833310781569679 0.004952154131587032
43.27787977632571 0.1836094759892949 0.005012101888431188
43.279908288897985 0.18389455527233023 0.005072856532616942
43.28193680147026 0.18418666730506614 0.005134431224263642
43.28396531404254 0.18448604677364966 0.005196839853454545
43.28599382661481 0.18479260222458557 0.005260098012718618
43.28802233918709 0.1851061811625524 0.005324221757639134
43.29005085175937 0.18542662716659777 0.005389227334519363
43.29207936433164 0.18575378006639795 0.0054551311722885265
43.294107876903915 0.18608747614551213 0.0055219498734080325
43.296136389476196 0.1864275483692812 0.005589700203821943
43.29816490204847 0.18677382663506026 0.005658399082006689
43.30019341462074 0.18712613804249173 0.005728063567180053
43.302221927193024 0.18748430718151415 0.005798710846727493
43.3042504397653 0.18784815643586053 0.005870358222914448
43.30627895233757 0.18821750629983677 0.005943023098957403
43.30830746490985 0.18859217570617542 0.006016722964523085
43.310335977482126 0.18897198236284296 0.006091475380734814
43.3123644900544 0.18935674309673758 0.006167297964767657
43.31439300262668 0.18974627420223986 0.00624420837410887
43.316421515198954 0.1901403917926873 0.006322224290568338
43.31845002777123 0.19053891215292143 0.006401363404124588
43.32047854034351 0.19094165209110564 0.006481643396684763
43.32250705291578 0.19134842928813914 0.006563081925843459
43.324535565488056 0.19175906264309056 0.00664569660872455
43.326564078060336 0.19217337093453402 0.006729504958122702
43.32859259063261 0.1925911106123222 0.006814522585584954
43.330621103204884 0.19301195782212588 0.006900762673410794
43.332649615777164 0.19343558655740253 0.006988238178564286
43.33467812834944 0.19386169858269353 0.007076962216195873
43.33670664092171 0.19429004863213842 0.007166948295584664
43.33873515349399 0.19472040160374335 0.007258209868408638
43.340763666066266 0.19515252680983095 0.007350760250887035
43.34279217863854 0.1955861981061804 0.007444612606043221
43.34482069121082 0.1960211940045743 0.007539779926658225
43.346849203783094 0.1964572977693551 0.007636275018993009
43.34887771635537 0.1968942974986579 0.007734110487349762
43.35090622892765 0.19733198619100537 0.007833298719525079
43.35293474149992 0.1977701617980402 0.007933851873208357
43.354963254072196 0.1982086272642106 0.008035781863370752
43.35699176664448 0.19864719055421068 0.008139100350672099
43.35902027921675 0.19908566459964527 0.008243818740687523
43.361048791789024 0.19952379689830083 0.0083499581145139
43.363077304361305 0.19996113643983077 0.008457568158035651
43.36510581693358 0.2003971994545453 0.008566703903596908
43.36713432950586 0.20083150479184536 0.008677420629518984
43.36916284207813 0.20126357298747413 0.00878977385611554
43.371191354650406 0.20169292539835068 0.008903819329568706
43.37321986722269 0.20211908340375662 0.009019612994365947
43.37524837979496 0.20254156767216155 0.009137210955012083
43.377276892367234 0.2029598974932972 0.009256669427743093
43.379305404939515 0.2033735901752631 0.009378044682978355
43.38133391751179 0.20378216050659634 0.00950139297928547
43.38336243008406 0.20418512028325353 0.009626770489662798
43.38539094265634 0.2045819807072614 0.009754233372149975
43.38741945522862 0.20497242905253368 0.00988384719823925
43.38944796780089 0.2053564360974547 0.010015692543118043
43.39147648037317 0.205733998640821 0.010149850935518493
43.393504992945445 0.206105114991444 0.010286403404556351
43.39553350551772 0.20646978561945037 0.010425430380784766
43.39756201809 0.2068280137563553 0.010567011592198779
43.39959053066227 0.20717980594495197 0.010711225956318814
43.40161904323455 0.20752517253952346 0.010858151469452761
43.40364755580683 0.20786412815643607 0.01100786509418947
43.4056760683791 0.20819669207490857 0.011160442646151769
43.407704580951375 0.20852288858756038 0.011315958680995452
43.409733093523656 0.2088427473002119 0.011474486382579006
43.41176160609593 0.209156303380441 0.011636097453191115
43.4137901186682 0.20946359775446916 0.01180086200666772
43.415818631240484 0.20976467725206646 0.011968848465155446
43.41784714381276 0.21005959469940236 0.012140123460229855
43.41987565638503 0.21034840896002185 0.012314751739012085
43.42190416895731 0.21063118492439842 0.012492796075843521
43.423932681529585 0.21090799344886957 0.012674317190024549
43.42596119410186 0.21117891124510987 0.012859373670054637
43.42798970667414 0.21144402072162838 0.01304802190472403
43.43001821924641 0.21170340977916277 0.01324031602135481
43.43204673181869 0.21195717156219515 0.013436307831422212
43.43407524439097 0.2122054041691224 0.013636046783703115
43.43610375696324 0.2124482103239533 0.01383957992505264
43.438132269535515 0.21268569701268225 0.01404695186885025
43.440160782107796 0.21291797605100665 0.014258228436835864
43.44218929468007 0.213145162886449 0.014473589536939205
43.44421780725234 0.21336736404498868 0.014693252054622229
43.446246319824624 0.21358467389115948 0.014917435731189225
43.4482748323969 0.21379717434995077 0.015146363453337008
43.45030334496917 0.21400493467431544 0.015380261503403098
43.45233185754145 0.21420801126560512 0.015619359763075182
43.454360370113726 0.2144064475536816 0.01586389187130867
43.456388882686 0.21460027394229955 0.016114095337324753
43.45841739525828 0.21478950782413309 0.016370211609705768
43.460445907830554 0.214974153668606 0.016632486102826256
43.46247442040283 0.21515420318443965 0.016901168182081747
43.46450293297511 0.21532963555758283 0.017176511109587168
43.46653144554738 0.21550041776400325 0.01745877195227953
43.468559958119656 0.21566650495566642 0.017748211454595576
43.470588470691936 0.2158278409169295 0.018045093878092024
43.47261698326421 0.21598435858759524 0.01834968681060633
43.474645495836484 0.21613598064797448 0.018662260947739498
43.476674008408764 0.21628262016050115 0.01898308984956681
43.47870252098104 0.21642418126179722 0.019312449675631272
43.48073103355331 0.21656055989854256 0.01965061890136324
43.48275954612559 0.2166916446000854 0.019997878019089404
43.484788058697866 0.21681731728046214 0.02035450922683762
43.48681657127014 0.2169374540623498 0.020720796108123628
43.48884508384242 0.21705192611543103 0.021097023305813836
43.490873596414694 0.2171606005017602 0.021483476193098795
43.49290210898697 0.21726334102091374 0.021880440544491443
43.49493062155925 0.2173600090479929 0.022288202209577175
43.49695913413152 0.21745046435794219 0.022707046792102347
43.4989876467038 0.2175345659300936 0.023137259336795946
43.50101615927608 0.21761217272735722 0.023579124026055262
43.50304467184835 0.2176831444450469 0.024032923888481522
43.50507318442063 0.21774734222491363 0.024498940520937002
43.507101696992905 0.21780462933057917 0.02497745382560804
43.50913020956518 0.2178548717811853 0.02546874176332085
43.51115872213746 0.2178979389406894 0.025973080124076148
43.51318723470973 0.2179337040608528 0.026490742315580948
43.51521574728201 0.2179620447765527 0.027021999170337603
43.51724425985429 0.21798284355260827 0.027567118771590647
43.51927277242656 0.2179959880818396 0.02812636629828109
43.521301284998835 0.2180013716345631 0.02870000388897825
43.523329797571115 0.21799889336016998 0.029288290524539434
43.52535831014339 0.21798845854183313 0.029891481929147888
43.52738682271566 0.21796997880573932 0.03050983048924978
43.52941533528794 0.21794337228654428 0.03114358518973813
43.53144384786022 0.21790856375100912 0.031792991566687336
43.53347236043249 0.217865484681981 0.032458291675863594
43.53550087300477 0.21781407332505448 0.03313972407610921
43.537529385577045 0.21775427470036937 0.033837523826706815
43.53955789814932 0.2176860405820878 0.03455192249779715
43.5415864107216 0.2176093294481463 0.03528314819283466
43.54361492329387 0.2175241064028946 0.036031425582117776
43.54564343586615 0.21968922921616876 0.04349888802826734
43.54767194843843 0.21965515032021074 0.0444647061468474
43.5497004610107 0.21961289069465897 0.04545408868281441
43.551728973582975 0.2195624315720502 0.046467374557117615
43.553757486155256 0.2195037596703502 0.04750490011356078
43.55578599872753 0.21943686702987733 0.04856699916885197
43.5578145112998 0.21936175084041978 0.04965400306806497
43.559843023872084 0.21927841326035377 0.050766240744706204
43.56187153644436 0.21918686122944142 0.051904038784717874
43.56390004901663 0.21908710627686503 0.05306772149379751
43.56592856158891 0.21897916432593897 0.05425761096735019
43.567957074161185 0.218863055496812 0.05547402716253697
43.56998558673346 0.21873880390835074 0.05671728797193305
43.57201409930574 0.2186064374802906 0.05798770929823793
43.57404261187801 0.2184659877366193 0.0592856051296322
43.57607112445029 0.23452278301902768 0.08031821151524587
43.57809963702257 0.23511376663180014 0.08215964750296141
43.58012814959484 0.23572042700619392 0.08404231042992445
43.582156662167115 0.23634330042578 0.08596669540438245
43.584185174739396 0.23698292852144529 0.0879332959892807
43.58621368731167 0.23763985793505976 0.08994260426466934
43.58824219988394 0.2383146399956044 0.09199511088923439
43.590270712456224 0.2390078304078195 0.0940913051606896
43.5922992250285 0.2307314046800037 0.12908374766170838
43.59432773760077 0.23055607022099123 0.13215234152906263
43.59635625017305 0.23036367236964023 0.13528947268487157
43.598384762745326 0.23015400238147843 0.13849599681539843
43.6004132753176 0.22992685151203177 0.14177276960693935
43.60244178788988 0.22968201101682573 0.14512064674579145
43.604470300462154 0.22941927215138846 0.14854048391821645
43.606498813034435 0.2291384261712448 0.15203313681052363
43.60852732560671 0.22883926433192295 0.15559946110897377
43.61055583817898 0.2285215778889485 0.15924031249986417
43.61258435075126 0.22818515809784667 0.16295654666949325
43.614612863323536 0.22782979621414637 0.16674901930412026
43.61664137589581 0.22745528349337282 0.17061858609004324
43.61866988846809 0.22706141119105114 0.1745661027135615
43.620698401040364 0.2266479705627106 0.17859242486093257
43.62272691361264 0.22621475286387616 0.1826984082184554
43.62475542618492 0.2257615493500728 0.18688490847243
43.62678393875719 0.2252881512768301 0.1911527813091124
43.628812451329466 0.22479434989967295 0.19550288241480224
43.63084096390175 0.22427993647412608 0.19993606747580053
43.63286947647402 0.22374470225571944 0.20445319217836144
43.634897989046294 0.22318843849997783 0.20905511220878556
43.636926501618575 0.2226109364624256 0.21374268325337473
43.63895501419085 0.22201198739859324 0.21851676099838133
43.64098352676312 0.22139138256400526 0.22337820113010698
43.6430120393354 0.22074891321418585 0.22832785933485428
43.64504055190768 0.22008437060466593 0.23336659129887385
43.64706906447995 0.2193975459909698 0.23849525270846814
43.64909757705223 0.21868823062862136 0.24371469924994082
43.651126089624505 0.21795621577315205 0.24902578660954056
43.65315460219678 0.21720129268008603 0.25442937047357084
43.65518311476906 0.21642325260494671 0.2599263065283361
43.65721162734133 0.2156218868032663 0.2655174504600833
43.65924013991361 0.2147969865305684 0.2712036579551166
43.66126865248589 0.2139483430423765 0.27698578469974183
43.66329716505816 0.21307574759422304 0.28286468638020357
