logL Corr CorrErr
41.63511233532399 -0.15276495304360152 0.006487208861953691
41.637202193251696 -0.15288862947436394 0.006506874391854109
41.63929205117941 -0.15301803756379656 0.0065259872146800095
41.64138190910712 -0.15315305393023568 0.006544552764226338
41.64347176703483 -0.15329355519201926 0.006562576474288297
41.64556162496254 -0.15343941796748337 0.006580063778660846
41.647651482890254 -0.15359051887496628 0.006597020111139183
41.64974134081796 -0.15374673453280396 0.006613450905518267
41.651831198745676 -0.15390794155933454 0.006629361595593293
41.65392105667338 -0.15407401657289413 0.006644757615159226
41.6560109146011 -0.15424483619182092 0.006659644398011253
41.658100772528805 -0.15442027703445085 0.006674027377944349
41.66019063045652 -0.1546002157191222 0.006687911988753691
41.662280488384226 -0.15478452886417093 0.006701303664234266
41.66437034631194 -0.15497309308793525 0.006714207838181236
41.66646020423965 -0.1551657850087511 0.006726629944389598
41.66855006216736 -0.1553624812449569 0.006738575416654513
41.67063992009507 -0.15556305841488838 0.006750049688770978
41.672729778022784 -0.15576739313688395 0.006761058194534147
41.67481963595049 -0.1559753620292795 0.00677160636773903
41.676909493878206 -0.1561868417104134 0.006781699642180771
41.67899935180591 -0.1564017087986213 0.0067913434516543815
41.68108920973363 -0.15661983991224188 0.006800543229955005
41.683179067661335 -0.15684111166961068 0.006809304410877656
41.68526892558905 -0.15706540068906635 0.006817632428217477
41.68735878351676 -0.15729258358894446 0.006825532715769487
41.68944864144447 -0.15752253698758364 0.0068330107073288175
41.69153849937218 -0.15775513750331946 0.006840071836690498
41.69362835729989 -0.15799026175449055 0.0068467215376496506
41.6957182152276 -0.15822778635943244 0.006852965244001312
41.697808073155315 -0.15846758793648397 0.006858808389540605
41.69989793108302 -0.15870954310398044 0.006864256408062565
41.70198778901074 -0.15895352848026065 0.0068693147333623045
41.704077646938444 -0.15919942068366014 0.006873988799234875
41.70616750486616 -0.15944709633251755 0.006878284039475381
41.708257362793866 -0.1596964320451684 0.006882205887878871
41.71034722072158 -0.15994730443995142 0.006885759778240455
41.71243707864929 -0.1601995901352021 0.006888951144355184
41.714526936577 -0.1604531657492592 0.006891785420018159
41.71661679450471 -0.16070790790045808 0.006894268039024441
41.71870665243242 -0.16096369320713674 0.006896404435169112
41.72079651036013 -0.16122039828763315 0.006898200042247263
41.72288636828784 -0.1614778997602827 0.006899660294053955
41.72497622621555 -0.16173607424342415 0.006900790624384279
41.72706608414326 -0.16199479835539293 0.006901596467033306
41.729155942070975 -0.16225394871452795 0.0069020832557961185
41.73124579999868 -0.1625134019391645 0.006902256424467794
41.733335657926396 -0.1627730346476414 0.0069021214068434086
41.735425515854104 -0.16303272345829403 0.0069016836367180425
41.73751537378182 -0.16329234498946127 0.006900948547886774
41.739605231709525 -0.16355177585947847 0.006899921574144682
41.74169508963724 -0.1638108926866845 0.006898608149286842
41.74378494756495 -0.16406957208941464 0.006897013707108338
41.74587480549266 -0.16432769068600783 0.006895143681404238
41.74796466342037 -0.1645851250947994 0.006893003505969636
41.75005452134808 -0.1648417519341282 0.006890598614599593
41.75214437927579 -0.16509744782232955 0.006887934441089206
41.754234237203505 -0.16535208937774235 0.00688501641923353
41.75632409513121 -0.16560555321870193 0.00688184998282767
41.75841395305893 -0.16585771596354718 0.006878440565666678
41.760503810986634 -0.16610845423061343 0.006874793601545658
41.76259366891435 -0.16635764463823952 0.006870914524259662
41.764683526842056 -0.16660516380476084 0.006866808767603798
41.76677338476977 -0.1668508883485162 0.006862481765373114
41.76886324269748 -0.167094694887841 0.006857938951362718
41.77095310062519 -0.167336460041074 0.006853185759367652
41.7730429585529 -0.16757606042655074 0.006848227623183037
41.775132816480614 -0.16781337266260993 0.006843069976603913
41.77722267440832 -0.168048273367587 0.006837718253425391
41.779312532336036 -0.16828063915982067 0.006832177887442515
41.78140239026374 -0.1685103466576465 0.006826454312450403
41.78349224819146 -0.16873727247940315 0.006820552962244091
41.785582106119165 -0.16896129324342615 0.006814479270618699
41.78767196404688 -0.16918228556805415 0.006808238671369268
41.78976182197459 -0.16940012607162278 0.00680183659829091
41.7918516799023 -0.16961469137247057 0.006795278485178668
41.79394153783001 -0.1698258580889332 0.006788569765827657
41.79603139575772 -0.17003350283934923 0.006781715874032921
41.79812125368543 -0.17023750224205425 0.006774722243589573
41.80021111161314 -0.17043773291538622 0.006767594308292678
41.80230096954085 -0.1706340714776828 0.006760337501937281
41.80439082746856 -0.17082639454727985 0.006752957258318517
41.806480685396274 -0.1710145787425157 0.006745459011231409
41.80857054332398 -0.1711985006817262 0.00673784819447109
41.810660401251695 -0.17137803698324977 0.006730130241832583
41.8127502591794 -0.1715530642654222 0.006722310587111022
41.81484011710712 -0.17172345914658182 0.0067143946641014295
41.816929975034824 -0.17188909824506457 0.006706387906598942
41.81901983296254 -0.17204985817920876 0.006698295748398579
41.821109690890246 -0.17220561556735026 0.006690123623295476
41.82319954881796 -0.17235624702782731 0.0066818769650846535
41.82528940674567 -0.172501629178976 0.006673561207561251
41.82737926467338 -0.17264163863913443 0.006665181784520285
41.82946912260109 -0.17277615202663874 0.006656744129756892
41.831558980528804 -0.17290504595982695 0.0066482536770660966
41.83364883845651 -0.17302819705703526 0.0066397158602430305
41.835738696384226 -0.17314548193660165 0.006631136113082715
41.83782855431193 -0.17325677721686236 0.006622519869380289
41.83991841223965 -0.17336195951615538 0.006613872562930771
41.842008270167355 -0.17346090545281703 0.006605199627529297
41.84409812809507 -0.17355349164518502 0.006596506496970888
41.84618798602278 -0.1736395947115959 0.006587798605050678
41.84827784395049 -0.1737190912703874 0.0065790813855636935
41.8503677018782 -0.1737918978288895 0.006570361472910337
41.85245755980591 -0.17385818459446917 0.006561653137522153
41.85454741773362 -0.1739182211805539 0.006552973641820091
41.856637275661335 -0.1739722774331825 0.006544340255226252
41.85872713358904 -0.1740206231983932 0.006535770247162858
41.86081699151676 -0.1740635283222249 0.0065272808870520125
41.862906849444464 -0.17410126265071574 0.006518889444315933
41.86499670737218 -0.17413409602990468 0.0065106131883767284
41.867086565299886 -0.17416229830582983 0.0065024693886566115
41.8691764232276 -0.17418613932453003 0.00649447531457769
41.87126628115531 -0.17420588893204364 0.006486648235562182
41.87335613908302 -0.17422181697440928 0.006479005421032193
41.87544599701073 -0.17423419329766537 0.006471564140409936
41.877535854938436 -0.17424328774785047 0.006464341663117548
41.87962571286615 -0.1742493701710033 0.006457355258577167
41.88171557079386 -0.17425271041316215 0.006450622196211001
41.88380542872157 -0.1742535783203657 0.0064441597454411685
41.88589528664928 -0.1742522437386524 0.006437985175689873
41.887985144576994 -0.17424897651406085 0.006432115756379233
41.8900750025047 -0.17424404649262948 0.0064265687569314495
41.892164860432416 -0.17423772352039688 0.006421361446768649
41.89425471836012 -0.17423027744340158 0.00641651109531303
41.89634457628784 -0.1742219781076821 0.0064120349719867156
41.898434434215545 -0.17421309535927704 0.0064079503462119
41.90052429214326 -0.1742038990442248 0.006404274487410719
41.90261415007097 -0.17419465900856404 0.006401024665005355
41.90470400799868 -0.17418564509833315 0.006398218148417952
41.90679386592639 -0.17417712715957082 0.006395872207070688
41.9088837238541 -0.17416937503831545 0.00639400411038571
41.91097358178181 -0.17416265858060564 0.0063926311277851915
41.913063439709525 -0.17415724763247992 0.006391770528691284
41.91515329763723 -0.1741534120399768 0.006391439582526156
41.91724315556495 -0.17415142164913477 0.006391655558711967
41.919333013492654 -0.17415154630599242 0.006392435726670875
41.92142287142037 -0.1741540558565883 0.00639379735582505
41.923512729348076 -0.1741592201469609 0.006395757715596639
41.92560258727579 -0.1741673090231487 0.0063983340754078235
41.9276924452035 -0.17417859233119035 0.006401543704680744
41.92978230313121 -0.1741933399171243 0.006405403872837582
41.93187216105892 -0.1742118216269891 0.0064099318493004796
41.933962018986634 -0.17423430730682327 0.006415144903491619
41.93605187691434 -0.1742610668026653 0.0064210603048331346
41.938141734842056 -0.1742923699605539 0.006427695322747225
41.94023159276976 -0.17432848662652736 0.006435067226656008
41.94232145069748 -0.17436968664662436 0.006443193285981694
41.944411308625185 -0.17441623986688332 0.00645209077014639
41.9465011665529 -0.17446841613334296 0.006461776948572316
41.948591024480606 -0.17452648529204157 0.00647226909068157
41.95068088240832 -0.17459071718901797 0.006483584465896385
41.95277074033603 -0.17466138167031034 0.006495740343638844
41.95486059826374 -0.17473874858195762 0.006508753993331193
41.95695045619145 -0.17482300932591774 0.006522637725140581
41.95904031411916 -0.17491371876227674 0.0065373636068933585
41.96113017204687 -0.17501012260714124 0.006552884162253974
41.96322002997458 -0.17511146452789814 0.006569151785366202
41.96530988790229 -0.1752169881919359 0.006586118870374035
41.96739974583 -0.1753259372666414 0.006603737811421237
41.969489603757715 -0.17543755541940306 0.006621961002651806
41.97157946168542 -0.17555108631760782 0.006640740838209503
41.97366931961314 -0.17566577362864405 0.0066600297122383295
41.975759177540844 -0.17578086101989873 0.006679780018882041
41.97784903546856 -0.1758955921587602 0.006699944152284648
41.979938893396266 -0.17600921071261538 0.006720474506589895
41.98202875132398 -0.17612096034885272 0.006741323475941803
41.98411860925169 -0.17623008473485918 0.006762443454484109
41.9862084671794 -0.17633582753802307 0.0067837868363608365
41.98829832510711 -0.17643743242573137 0.006805306015715723
41.990388183034824 -0.1765341430653725 0.006826953386692793
41.99247804096253 -0.17662520312433333 0.006848681343435783
41.994567898890246 -0.17670985627000224 0.006870442280088716
41.99665775681795 -0.17678734616976632 0.006892188590795328
41.99874761474567 -0.17685691649101373 0.006913872669699644
42.000837472673375 -0.1769178109011317 0.0069354469109454
42.00292733060109 -0.17696927306750823 0.00695686370867662
42.0050171885288 -0.17701054665753074 0.006978075457037046
42.00710704645651 -0.1770408753385871 0.006999034550170692
42.00919690438422 -0.17705950277806476 0.0070196933822213045
42.01128676231193 -0.17706567264335157 0.007040004347332896
42.01337662023964 -0.17705862860183513 0.007059919839649214
42.015466478167355 -0.17703761432090306 0.00707939225331428
42.01755633609506 -0.17700187346794313 0.007098373982471829
42.019646194022776 -0.1769506497103428 0.007116817421265877
42.021736051950484 -0.17688318671549003 0.007134674963840182
42.0238259098782 -0.1767987281507721 0.007151899004338742
42.025915767805905 -0.17669651768357728 0.007168441936905319
42.02800562573362 -0.17657579898129236 0.0071842561556839084
42.03009548366133 -0.17643581571130598 0.007199294054818281
42.03218534158904 -0.17627581154100477 0.0072135080284524205
42.03427519951675 -0.1760950301377776 0.007226850470730109
42.036365057444456 -0.17589271516901153 0.007239273775795283
42.03845491537217 -0.17566811030209348 0.007250730337791852
42.04054477329988 -0.17542045920441257 0.007261172550863624
42.04263463122759 -0.17514900554335486 0.0072705528091545485
42.0447244891553 -0.1748529929863098 0.007278823506808441
42.046814347083014 -0.17453166520066304 0.007285937037969236
42.04890420501072 -0.17418426585380448 0.007291845796780773
42.050994062938436 -0.1738100386131194 0.007296502177386967
42.05308392086614 -0.173408227145998 0.007299858573931665
42.05517377879386 -0.1729780751198252 0.0073018673805587755
42.057263636721565 -0.1725188262019916 0.00730248099141216
42.05935349464928 -0.17202972405988184 0.00730165180063571
42.06144335257699 -0.17151001236088675 0.007299332202373302
42.0635332105047 -0.1709590381670081 0.00729547979430507
42.06562306843241 -0.1703772351210687 0.007290106858414856
42.06771292636012 -0.16976568672304568 0.007283258382018574
42.06980278428783 -0.16912548522102863 0.007274979792697669
42.071892642215545 -0.16874550264037633 0.0027282361510719316
42.07398250014325 -0.16775438035914728 0.0027281373492015113
42.07607235807097 -0.166767710882974 0.0027277859088887637
42.078162215998674 -0.16578560780601778 0.002727186649997178
42.08025207392639 -0.16480817744708393 0.0027263443958023214
42.082341931854096 -0.16383551989050202 0.0027252639826742435
42.08443178978181 -0.16286772997994486 0.002723950269411378
42.08652164770952 -0.1619048982681712 0.0027224081462439774
42.08861150563723 -0.16094711192513161 0.0027206425435220066
42.09070136356494 -0.15999445560678563 0.002718658440099908
42.092791221492654 -0.15904701228647428 0.00271646087142769
42.09488107942036 -0.15810486405063395 0.0027140549373556454
42.096970937348075 -0.1571680928601684 0.0027114458096570916
42.09906079527578 -0.15623678127876012 0.0027086387392716554
42.1011506532035 -0.15531101316896254 0.0027056390632687836
42.103240511131204 -0.15439087435689663 0.0027024522115294478
42.10533036905892 -0.15347645326595816 0.0026990837131412484
42.107420226986626 -0.15256784151993882 0.0026955392025005444
42.10951008491434 -0.15166513451556518 0.0026918244251124867
42.11159994284205 -0.15076843196446774 0.00268794524307842
42.11368980076976 -0.1498778384042091 0.0026839076402573356
42.11577965869747 -0.1489934636780179 0.002679717727086804
42.11786951662518 -0.1481154233825097 0.0026753817450460484
42.11995937455289 -0.14724383928267734 0.0026709060707425973
42.1220492324806 -0.14637883969316665 0.0026662972196015875
42.12413909040831 -0.14552055982469586 0.002661561849134913
42.12622894833602 -0.1446691420944321 0.0026567067617661697
42.128318806263735 -0.14382473639882842 0.002651738907184711
42.13040866419144 -0.1429875003474735 0.002646665384201522
42.13249852211916 -0.14215759945619005 0.0026414934420769826
42.134588380046864 -0.14133520729768415 0.0026362304812901907
42.13667823797458 -0.14052050560775134 0.0026308840537171115
42.138768095902286 -0.1397136843451286 0.0026254618621846903
42.14085795383 -0.13891494170281143 0.0026199717593659087
42.14294781175771 -0.1381244840687583 0.002614421745981021
42.14503766968542 -0.13734252593366614 0.002608819968268357
42.14712752761313 -0.13656928974363086 0.0026031747146888157
42.149217385540844 -0.13580500569530432 0.0025974944118267534
42.15130724346855 -0.13504991147132142 0.0025917876194512133
42.153397101396266 -0.13430425191361461 0.0025860630247006196
42.15548695932397 -0.13356827863243162 0.0025803294353559116
42.15757681725169 -0.13284224954876853 0.002574595772166912
42.159666675179395 -0.1321264283681755 0.0025688710601993675
42.16175653310711 -0.13142108398384506 0.002563164419170642
42.16384639103482 -0.1307264898071939 0.002557485052745557
42.16593624896253 -0.13004292302416445 0.002551842236765297
42.16802610689024 -0.12937066377583606 0.002546245306386739
42.17011596481795 -0.12870995754279824 0.0025407031877992823
42.17220582274566 -0.12806053883271365 0.0025352184917449457
42.174295680673374 -0.12742176264250837 0.002529789102385289
42.17638553860108 -0.12679296887838684 0.002524412673613328
42.178475396528796 -0.12617349126903085 0.00251908673916689
42.1805652544565 -0.12556265769683056 0.0025138087167726674
42.18265511238422 -0.12495979052871412 0.0025085759123593945
42.184744970311925 -0.12436420694589295 0.0025033855243294712
42.18683482823964 -0.12377521927172921 0.00249823464787735
42.18892468616735 -0.12319213529709278 0.0024931202793444054
42.19101454409506 -0.12261425860247017 0.002488039320599103
42.19310440202277 -0.12204088887624799 0.002482988583432713
42.19519425995048 -0.12147132222849347 0.0024779647939599876
42.19728411787819 -0.12090485149971335 0.0024729645970156537
42.1993739758059 -0.12034076656397849 0.0024679845605368477
42.20146383373361 -0.11977835462594401 0.002463021179922951
42.20355369166132 -0.11921690051125569 0.0024580708823640214
42.205643549589034 -0.11865568694986853 0.002453130031129472
42.20773340751674 -0.1180939948518986 0.002448194929809574
42.209823265444456 -0.1175311035755562 0.0024432618265018808
42.21191312337216 -0.116966291186857 0.0024383269179360967
42.21400298129988 -0.11639883471071827 0.0024333863535302854
42.216092839227585 -0.11582801037319644 0.0024284362393727776
42.2181826971553 -0.1152530938345306 0.0024234726421235027
42.22027255508301 -0.1146733604128057 0.002418491592829935
42.22236241301072 -0.11408808529795295 0.002413489090652177
42.22445227093843 -0.11349654375595451 0.002408461106493201
42.22654212886614 -0.11289801132301876 0.0024034035865295473
42.22863198679385 -0.11229176398964123 0.002398312455639276
42.230721844721565 -0.11167707837436082 0.0023931836207232316
42.23281170264927 -0.11105323188716992 0.002388012973917139
42.234901560576986 -0.11041950288242414 0.0023827963956912987
42.236991418504694 -0.10977517080124796 0.002377529757836083
42.23908127643241 -0.10911951630331346 0.002372208926330645
42.241171134360116 -0.10845182138801779 0.002366829764093662
42.24326099228783 -0.10777136950496082 0.00236138813361411
42.24535085021554 -0.10707744565377378 0.0023558798994614463
42.24744070814325 -0.10636933647321538 0.0023503009306737083
42.24953056607096 -0.10564633031960431 0.0023446471030233993
42.25162042399867 -0.1049077173345131 0.002338914301160093
42.25371028192638 -0.10415278950180303 0.002333098420630054
42.255800139854095 -0.1033808406939248 0.0023271953697721593
42.2578899977818 -0.10259116670756846 0.0023212010714907653
42.25997985570952 -0.10178306528857932 0.002315111464905063
42.262069713637224 -0.10095583614621809 0.002308922506875849
42.26415957156494 -0.10010878095666621 0.0023026301734094374
42.266249429492646 -0.09924120335584158 0.0022962304609398247
42.26833928742036 -0.09835240892139938 0.0022897193874889398
42.27042914534807 -0.09744170514396185 0.002283092993706191
42.27251900327578 -0.09650840138741698 0.0022763473437871617
42.27460886120349 -0.09555180883829709 0.0022694785262726853
42.276698719131204 -0.09457126112782928 0.002262482805888375
42.27878857705891 -0.09356648595976684 0.002255359337343457
42.28087843498662 -0.09253756182385484 0.0022481098368643732
42.28296829291433 -0.09148457784819429 0.002240736090868694
42.28505815084204 -0.0904076213838268 0.002233239864423357
42.287148008769755 -0.08930677801044955 0.0022256229005821536
42.28923786669746 -0.08818221137230454 0.002217887726329125
42.29132772462518 -0.08703442986143524 0.0022100403517068784
42.293417582552884 -0.08586403521606281 0.002202087739816285
42.2955074404806 -0.08467162890932363 0.0021940368633602734
42.297597298408306 -0.0834578121096865 0.0021858947051147546
42.29968715633602 -0.08222318564375335 0.0021776682584110476
42.30177701426373 -0.08096834995994548 0.0021693645276132456
42.30386687219144 -0.0796939050929736 0.0021609905285887507
42.30595673011915 -0.07840045062926243 0.0021525532891718446
42.308046588046864 -0.077088585673239 0.002144059849618289
42.31013644597457 -0.07575890881467541 0.0021355172630506116
42.312226303902285 -0.07441201809700666 0.0021269325958918183
42.31431616182999 -0.07304851098683401 0.002118312928286962
42.31640601975771 -0.07166898434454656 0.002109665354510037
42.318495877685415 -0.07027403439629165 0.002100996983355422
42.32058573561313 -0.06886425670723827 0.002092314938511058
42.322675593540836 -0.06744024615638403 0.0020836263589123255
42.32476545146855 -0.06600259691286238 0.0020749383990735838
42.32685530939626 -0.06455190241401912 0.0020662582293960578
42.32894516732397 -0.06308875534522737 0.0020575930364487866
42.33103502525168 -0.06161374762172833 0.0020489500232210795
42.333124883179394 -0.06012747037247811 0.002040336409342946
42.3352147411071 -0.058630513926305264 0.0020317594312717112
42.337304599034816 -0.057123467800369566 0.0020232263424410568
42.33939445696252 -0.05560692069124175 0.0020147444133704947
42.34148431489024 -0.05408146046860415 0.0020063209317313117
42.343574172817945 -0.052547674171903806 0.0019979632023668105
42.34566403074566 -0.05100614800996512 0.001989678547262742
42.34775388867337 -0.04945746736390319 0.0019814743054656146
42.34984374660108 -0.04790221679334825 0.0019733578329446744
42.35193360452879 -0.04634098004632801 0.001965336502395168
42.3540234624565 -0.04477434007281802 0.001957417702978668
42.35611332038421 -0.04320287904230764 0.0019496088399980514
42.358203178311925 -0.04162717836538672 0.0019419173345029909
42.36029303623963 -0.040047818719695226 0.0019343506228236167
42.36238289416734 -0.03846538008023614 0.0019269161560284292
42.364472752095054 -0.03688044175434397 0.0019196213993041159
42.36656261002276 -0.035293582421405255 0.0019124738312541714
42.368652467950476 -0.03370538017741545 0.001905480943113429
42.37074232587818 -0.03211641258463249 0.0018986502378766732
42.3728321838059 -0.030527256726270578 0.0018919892293384174
42.374922041733605 -0.028938489266499508 0.0018855054410427102
42.37701189966132 -0.027350686515650584 0.0018792064051406851
42.37910175758903 -0.025764424500853575 0.001873099661155406
42.38119161551674 -0.024180279041959275 0.0018671927546525307
42.38328147344445 -0.022598821450598192 0.0018614931838745771
42.38537133137216 -0.02102050426097733 0.001856007044442555
42.38746118929987 -0.019445650797021475 0.0018507389099277761
42.389551047227584 -0.01787457867968167 0.0018456932944577442
42.39164090515529 -0.016307606444550295 0.0018408747258885506
42.393730763083006 -0.014745053556920169 0.001836287740303324
42.395820621010714 -0.013187240412977827 0.0018319368759316733
42.39791047893843 -0.011634461922809576 0.0018278248127507192
42.400000336866135 -0.010086920195600662 0.0018239476366802105
42.40209019479385 -0.008544797302373366 0.0018202999403430118
42.40418005272156 -0.007008275963626287 0.0018168762790300404
42.40626991064927 -0.005477539502457195 0.0018136711723863777
42.40835976857698 -0.003952771797748957 0.0018106791061323593
42.41044962650469 -0.002434157237400271 0.001807894533812957
42.4125394844324 -0.000921880671911706 0.0018053118785696244
42.414629342360115 0.0005838726317006905 0.0018029255349282
42.41671920028782 0.00208291703536692 0.0018007298705972343
42.41880905821554 0.00357506657483866 0.001798719228270699
42.420898916143244 0.005060135003696551 0.0017968879274297609
42.42298877407096 0.00653793583654078 0.0017952302661380286
42.425078631998666 0.008008282391098525 0.0017937405228253414
42.42716848992638 0.009470987829313363 0.00179241295805502
42.42925834785409 0.010925865197167053 0.0017912418162701258
42.4313482057818 0.01237272746331258 0.0017902213275141849
42.43343806370951 0.013811387556286041 0.0017893457091224443
42.435527921637224 0.015241658400389985 0.0017886091673797158
42.43761777956493 0.016663352950032826 0.001788005899141387
42.439707637492646 0.01807628422263035 0.0017875300934142816
42.44179749542035 0.01948026532987043 0.0017871759328944895
42.44388735334806 0.020875109507454786 0.0017869375954594534
42.445977211275775 0.02226063014316798 0.0017868092556119716
42.44806706920348 0.02363664080329958 0.0017867850858740094
42.4501569271312 0.025002955257449704 0.0017868592581284947
42.452246785058904 0.026359387501590077 0.0017870259449075544
42.45433664298662 0.02770575177952086 0.0017872793206258884
42.456426500914326 0.029041862602575085 0.0017876135627582404
42.45851635884204 0.03036753476772372 0.0017880228529601626
42.46060621676975 0.0316825833739448 0.0017885013781314752
42.46269607469746 0.032986823837016316 0.001789043331422105
42.46478593262517 0.0342800719026064 0.0017896429131800814
42.46687579055288 0.035562143657825396 0.001790294331841799
42.46896564848059 0.036832855541122395 0.0017909918047646855
42.471055506408305 0.03809202435069377 0.0017917295590027344
42.47314536433601 0.03933946725129405 0.0017925018320253587
42.47523522226373 0.04057500177961806 0.0017933028723803146
42.477325080191434 0.0417984458481509 0.0017941269403014325
42.47941493811915 0.04300961774765503 0.0017949683082621325
42.481504796046856 0.04420833614819534 0.0017958212614756785
42.48359465397457 0.04539442009887077 0.001796680098343361
42.48568451190228 0.04656768902615651 0.0017975391308516985
42.48777436982999 0.047727962731022804 0.0017983926849200122
42.4898642277577 0.04887506205762871 0.001799235140163164
42.491954085685414 0.05000883606930775 0.0018000625253937017
42.49404394361312 0.05112917161330456 0.0018008730864656078
42.496133801540836 0.05223595892616341 0.0018016652745007071
42.49822365946854 0.05332908901117605 0.0018024375950640864
42.50031351739626 0.05440845357981894 0.0018031886077547298
42.502403375323965 0.05547394498203459 0.0018039169252794546
42.50449323325168 0.056525456180043274 0.0018046212131968423
42.50658309117939 0.05756294050239061 0.0018053014892801859
42.5086729491071 0.058586525613255565 0.0018059615948718
42.51076280703481 0.05959637024359541 0.0018066060696633678
42.51285266496252 0.060592632609137706 0.0018072394632741937
42.51494252289023 0.06157547040456277 0.00180786633435606
42.517032380817945 0.06254504079920623 0.0018084912496348822
42.51912223874565 0.06350150043422624 0.0018091187828883568
42.52121209667336 0.06444500542139177 0.0018097535138591294
42.523301954601074 0.06537571134346164 0.0018104000271030477
42.52539181252878 0.06629377325624024 0.0018110629107723646
42.527481670456496 0.0671993456923924 0.0018117467553339637
42.5295715283842 0.06809258266698794 0.0018124561522228429
42.53166138631192 0.06897363768492118 0.0018131956924314636
42.533751244239625 0.06984266375015216 0.0018139699650356817
42.53584110216734 0.07069981337690966 0.001814783555658435
42.537930960095046 0.07154523860279952 0.0018156410448724564
42.54002081802276 0.07237909100394871 0.001816547006543786
42.54211067595047 0.07320152171212303 0.0018175060061179785
42.54420053387818 0.07401268143393687 0.0018185225988514109
42.54629039180589 0.07481272047208597 0.0018196013279902549
42.548380249733604 0.07560178874870732 0.0018207467229002048
42.55047010766131 0.07638003583078752 0.0018219632971501968
42.552559965589026 0.07714761095770825 0.0018232555465539353
42.55464982351673 0.0779046630708383 0.0018246279471731625
42.55673968144445 0.07865134084524361 0.0018260849532871957
42.558829539372155 0.07938779272341072 0.0018276309953333745
42.56091939729987 0.08011416695103617 0.0018292704778236609
42.56300925522758 0.08083061161476225 0.0018310077772426968
42.56509911315529 0.08153727468189093 0.0018328472399332656
42.567188971083 0.08223430404193922 0.0018347931799750756
42.56927882901071 0.08292184755004746 0.001836849877063467
42.57136868693842 0.08360005307208516 0.001839021574394517
42.573458544866135 0.084269068531444 0.0018413124765637098
42.57554840279384 0.08492904195734485 0.0018437267474851258
42.57763826072156 0.08558012153462567 0.0018462685083387846
42.579728118649264 0.08622245565481934 0.0018489418355534595
42.58181797657698 0.08685619296846642 0.0018517507588329454
42.583907834504686 0.08748148243845419 0.001854699259233327
42.5859976924324 0.08809847339430633 0.0018577912672994373
42.58808755036011 0.08870731558719847 0.001861030661268123
42.59017740828782 0.08930815924560447 0.0018644212653465585
42.59226726621553 0.0899011551313343 0.0018679668480731096
42.594357124143244 0.09048645459585243 0.0018716711207688794
42.59644698207095 0.09106420959292368 0.0018755376959700297
42.59853683999866 0.09163456977165171 0.0018795673453914294
42.60062669792637 0.09219768077422649 0.0018837562777557406
42.60271655585408 0.092753688852183 0.0018881003092844472
42.604806413781795 0.09421995105644618 0.0009906814564144123
42.6068962717095 0.09471142521974239 0.00099414764629004
42.608986129637216 0.09519660867690626 0.0009976654275903071
42.611075987564924 0.0956756160746037 0.001001234242457585
42.61316584549264 0.0961485629909716 0.001004853535185161
42.615255703420345 0.09661554673525806 0.0010085226988264878
42.61734556134806 0.09707661915782487 0.0010122409975053708
42.61943541927577 0.0975318256591577 0.001016007680978352
42.62152527720348 0.09798121189593434 0.0010198220058243142
42.62361513513119 0.09842482373681417 0.0010236832368442233
42.6257049930589 0.09886270721876575 0.0010275906482395299
42.62779485098661 0.09929490850404266 0.0010315435245751852
42.629884708914325 0.09972147383799393 0.0010355411615345731
42.63197456684203 0.10014244950778045 0.0010395828664732068
42.63406442476975 0.1005578818021437 0.0010436679587791612
42.636154282697454 0.100967816972263 0.0010477957700475388
42.63824414062517 0.10137230119381169 0.0010519656440772008
42.640333998552876 0.10177138053021635 0.0010561769366971088
42.64242385648059 0.10216510089719744 0.001060429015430432
42.6445137144083 0.10255350802856758 0.0010647212590035003
42.64660357233601 0.10293664744333787 0.0010690530567073842
42.64869343026372 0.10331456441408465 0.0010734238076186725
42.650783288191434 0.1036873039366023 0.0010778329196866226
42.65287314611914 0.10405491070077551 0.0010822798086925491
42.654963004046856 0.10441742906267529 0.0010867638970878505
42.65705286197456 0.1047749030177958 0.0010912846127156773
42.65914271990228 0.1051273761754196 0.0010958413874217424
42.661232577829985 0.10547489173401411 0.001100433655558306
42.6633224357577 0.10581749245763383 0.0011050608523858392
42.66541229368541 0.10615522065321929 0.0011097224123753514
42.66750215161312 0.10648811814875643 0.001114417767414828
42.66959200954083 0.10681622627217795 0.0011191463449216523
42.67168186746854 0.10713958583096134 0.0011239075658633533
42.67377172539625 0.10745823709229808 0.0011287008426874108
42.675861583323965 0.10777221976378014 0.0011335255771613086
42.67795144125167 0.10808157297447296 0.0011383811581223914
42.68004129917938 0.10838633525631257 0.0011432669591375166
42.682131157107094 0.10868654452569873 0.0011481823360709644
42.6842210150348 0.1089822380651931 0.0011531266245590277
42.686310872962515 0.1092734525052255 0.0011580991373890748
42.68840073089022 0.10956022380567575 0.0011630991617796542
42.69049058881794 0.10984258723724963 0.001168125956558489
42.692580446745644 0.11012057736250372 0.0011731787492334693
42.69467030467336 0.1103942280164322 0.0011782567329521418
42.696760162601066 0.11066357228646402 0.0011833590633433758
42.69885002052878 0.11092864249177557 0.0011884848552352401
42.70093987845649 0.11118947016176046 0.0011936331792412286
42.7030297363842 0.11144608614837252 0.001198803065279527
42.70511959431191 0.11169853911663723 0.0012039944690130434
42.707209452239624 0.11194691486238373 0.0012092092757076405
42.70929931016733 0.11219130388568026 0.0012144495927360732
42.711389168095046 0.11243179704473162 0.001219717520058897
42.71347902602275 0.11266848566124597 0.0012250151546100761
42.71556888395047 0.11290146161908363 0.0012303445944728238
42.717658741878175 0.1131308174563072 0.0012357079428552647
42.71974859980589 0.113356646450761 0.0012411073118747294
42.7218384577336 0.11357904285311993 0.0012465448288358225
42.72392831566131 0.11379812218528897 0.0012520229919671013
42.72601817358902 0.11401404147918226 0.0012575450261161016
42.72810803151673 0.11422696356052495 0.0012631142633143413
42.73019788944444 0.11443705229952127 0.001268734061284676
42.732287747372155 0.11464447265789185 0.0012744078053422145
42.73437760529986 0.11484939073067796 0.0012801389101541921
42.73646746322758 0.1150519737827682 0.001285930821359653
42.738557321155284 0.11525239028004813 0.0012917870170478327
42.740647179083 0.11545080991511512 0.0012977110090947117
42.742737037010706 0.11564740362745052 0.0013037063443553426
42.74482689493842 0.11584234361798659 0.0013097766057102958
42.74691675286613 0.11603580335796182 0.0013159254129628119
42.74900661079384 0.11622795759200391 0.0013221564235841308
42.75109646872155 0.11641898233534437 0.001328473333302847
42.75318632664926 0.11660905486511614 0.001334879876535176
42.75527618457697 0.11679835370565522 0.001341379826651513
42.757366042504685 0.11698705860777958 0.0013479769960758968
42.75945590043239 0.11717535052199189 0.0013546752362136
42.7615457583601 0.1173634115656092 0.0013614784372034821
42.763635616287814 0.11755142498380398 0.0013683905274906494
42.76572547421552 0.11773957510458533 0.0013754154732159656
42.767815332143236 0.11792804728776854 0.0013825572774192785
42.76990519007094 0.11811702786798542 0.0013898199790528104
42.77199504799866 0.11830670409184621 0.0013972076518029672
42.774084905926365 0.11849726404935224 0.0014047244027178823
42.77617476385408 0.11868889659972678 0.0014123743706402334
42.77826462178179 0.11888179129181892 0.0014201617244440229
42.7803544797095 0.11907613827930776 0.001428090661076447
42.78244433763721 0.11927212823092113 0.00143616540340522
42.78453419556492 0.11946995223595766 0.0014443901978743662
42.78662405349263 0.11966980170538657 0.0014527693119707925
42.788713911420345 0.11987186826887514 0.0014613070315067686
42.79080376934805 0.1200763436680775 0.0014700076577227857
42.79289362727577 0.12028341964659238 0.00147887550421821
42.794983485203474 0.12049328783697856 0.0014879148937164731
42.79707334313119 0.12070613964528787 0.0014971301546745986
42.799163201058896 0.12092216613355251 0.0015065256177461057
42.80125305898661 0.12114155790073024 0.0015161056121094497
42.80334291691432 0.12136450496258322 0.0015258744616732873
42.80543277484203 0.12159119663102674 0.0015358364811729472
42.80752263276974 0.12182182139344999 0.0015459959721714608
42.809612490697454 0.12205656667638266 0.0015563572155870057
42.81170234862516 0.12229557575440779 0.001566923209001139
42.813792206552876 0.12253888336502311 0.0015776937607950557
42.81588206448058 0.1227865066297595 0.0015886681273647916
42.8179719224083 0.1230384616765729 0.0015998454968982636
42.820061780336005 0.12329474303938374 0.0016112245465133832
42.82215163826372 0.12355527128270931 0.0016228023132449435
42.824241496191426 0.1238199501647915 0.0016345754230739536
42.82633135411914 0.12408868281350807 0.001646540439208641
42.82842121204685 0.1243613717557335 0.0016586938629513848
42.83051106997456 0.12463791844914865 0.0016710321072023675
42.83260092790227 0.12491818865379352 0.0016835495621338686
42.834690785829984 0.12520198916249403 0.001696237334984357
42.83678064375769 0.1254891204795513 0.0017090862308601186
42.838870501685406 0.1257793823716994 0.0017220870646980188
42.84096035961311 0.12607257394051888 0.001735230664634581
42.84305021754082 0.12636849369242836 0.0017485078750154252
42.845140075468535 0.12666693960606026 0.0017619095590619195
42.84722993339624 0.12696770919689226 0.0017754266012137063
42.84931979132396 0.12727059957904174 0.0017890499091658776
42.851409649251664 0.12757540752412078 0.0018027704156178429
42.85349950717938 0.12788192951713673 0.0018165790797532771
42.855589365107086 0.12818996180938097 0.0018304668884672572
42.8576792230348 0.12849930046833932 0.0018444248573591833
42.85976908096251 0.12880974142460797 0.0018584440315065366
42.86185893889022 0.12912108051588697 0.0018725154860369188
42.86394879681793 0.12943311352806822 0.0018866303265121021
42.866038654745644 0.1297456362335185 0.00190077968914015
42.86812851267335 0.13005844442659922 0.001914954740827879
42.870218370601066 0.13037133395654407 0.0019291466790882256
42.87230822852877 0.13068410075775513 0.0019433467318132646
42.87439808645649 0.13099654087765014 0.001957546156925908
42.876487944384195 0.1313084505021343 0.001971736241919513
42.87857780231191 0.13161962597883747 0.0019859083032969264
42.88066766023962 0.13192986383819516 0.002000053685916699
42.88275751816733 0.1322389608125183 0.002014163762256578
42.88484737609504 0.13254671385313146 0.0020282299316005865
42.88693723402275 0.13285292014572558 0.0020422436191584563
42.88902709195046 0.13315737712400147 0.002056196275122413
42.891116949878175 0.13345988248174864 0.0020700793736688097
42.89320680780588 0.13376023418343236 0.0020838844119084256
42.895296665733596 0.1340582304734267 0.00209760290879175
42.897386523661304 0.1343536698839632 0.002111226403971986
42.89947638158902 0.13464635124192556 0.0021247464566310284
42.901566239516725 0.13493607367455362 0.0021381546442701656
42.90365609744444 0.13522263661418063 0.002151442561469786
42.90574595537215 0.13550583980206038 0.0021646018186189647
42.90783581329986 0.13578548329139983 0.002177624040618298
42.90992567122757 0.1360613674496478 0.002190500865556092
42.91201552915528 0.13633329296014854 0.0022032239433604347
42.91410538708299 0.13660106082320297 0.00221578493442654
42.916195245010705 0.13686447236794358 0.002228175508916085
42.91828510293841 0.1371233528527884 0.0022403887980935347
42.92037496086613 0.13737760102289118 0.0022524224557689087
42.922464818793834 0.1376271297146099 0.00226427501548898
42.92455467672154 0.13787185171397262 0.002275945013899876
42.926644534649256 0.13811168732208368 0.0022874313278228482
42.92873439257696 0.138346665631583 0.002298737773466388
42.93082425050468 0.13857689863178962 0.0023098719130317754
42.932914108432385 0.1388025016820813 0.0023208414230208255
42.9350039663601 0.1390235915149121 0.002331653991964577
42.93709382428781 0.13924028622952622 0.0023423173083814627
42.93918368221552 0.1394527058530174 0.0023528391345007766
42.94127354014323 0.13966099799001597 0.0023632311362715517
42.94336339807094 0.139865347455786 0.0023735103837177318
42.94545325599865 0.14006594205057876 0.0023836942873060388
42.947543113926365 0.14026296982140904 0.002393800199170879
42.94963297185407 0.14045661903066636 0.0024038454165517063
42.95172282978179 0.14064707812603236 0.0024138471850422166
42.953812687709494 0.14083453571151855 0.0024238227016758463
42.95590254563721 0.14005917120698638 0.0011573674390677451
42.957992403564916 0.14030433436596132 0.0011610919254792273
42.96008226149263 0.14054748778810444 0.0011650055113810302
42.96217211942034 0.14078870460152756 0.0011691118108306709
42.96426197734805 0.14102805895306597 0.0011734142578796747
42.96635183527576 0.1412656261311829 0.001177916123004905
42.968441693203474 0.1415014826788791 0.0011826205290763247
42.97053155113118 0.14173570649627998 0.0011875304668454343
42.972621409058895 0.1419683769326728 0.001192648809939004
42.9747112669866 0.14219957486776 0.0011979783293414076
42.97680112491432 0.1424293827819961 0.0012035217073498882
42.978890982842024 0.1426578848158757 0.001209281550986194
42.98098084076974 0.142885166818141 0.0012152604048496468
42.983070698697446 0.1431113163828801 0.0012214607633961633
42.98516055662516 0.14333642287559084 0.0012278850826299042
42.98725041455287 0.14356057744828624 0.0012345357911939785
42.98934027248058 0.14378387304382073 0.0012414153008492362
42.99143013040829 0.14400640438961723 0.0012485260163301725
42.993519988336004 0.14422826798107508 0.001255870344569926
42.99560984626371 0.14444956205493753 0.001263450703286526
42.997699704191426 0.14467038655299236 0.0012712695289257923
42.99978956211913 0.14489084307647423 0.001279329283956538
43.00187942004685 0.14511103483162607 0.0012876324635172232
43.003969277974555 0.14533106656686623 0.0012961816014134392
43.00605913590226 0.1455510445020897 0.0013049792754692546
43.00814899382998 0.1457710762506179 0.0013140281122358466
43.010238851757684 0.14599127073436596 0.0013233307910637498
43.0123287096854 0.14621173809281765 0.0013328900475470364
43.014418567613106 0.14643258958638766 0.001342708676348514
43.01650842554082 0.14665393749480804 0.0013527895334186305
43.01859828346853 0.14687589501113654 0.0013631355376205376
43.02068814139624 0.14709857613203536 0.0013737496717775779
43.02277799932395 0.14732209554492268 0.0013846349831587788
43.024867857251664 0.14754656916033984 0.0013957943492383703
43.02695771517937 0.1477721156873903 0.0014072298005809512
43.029047573107086 0.14799885428935544 0.001418943214905012
43.03113743103479 0.14822690381214312 0.0014309365393238723
43.03322728896251 0.14845638257784843 0.001443211787450325
43.035317146890215 0.14868737849911892 0.0014557705778454283
43.03740700481793 0.14891990692099108 0.0014686134779434005
43.03949686274564 0.14915397176896025 0.0014817409404986452
43.04158672067335 0.14938957613471512 0.0014951534641097996
43.04367657860106 0.1496267222900049 0.001508851590703189
43.04576643652877 0.14986541170166445 0.001522835902697754
43.04785629445648 0.15010564482286232 0.0015371069729896516
43.049946152384194 0.150347414414856 0.0015516639596725068
43.0520360103119 0.15059070436975913 0.0015665043307632888
43.054125868239616 0.1508354972949571 0.001581625429568141
43.05621572616732 0.15108177500263387 0.0015970245698159926
43.05830558409504 0.15132951854906146 0.0016126990367854544
43.060395442022745 0.15157870827493422 0.0016286460883601296
43.06248529995046 0.15182932384655562 0.0016448629560083501
43.06457515787817 0.15208134429764808 0.001661346845681097
43.06666501580588 0.1523347480716235 0.001678094938626367
43.06875487373359 0.15258951306411106 0.0016951043921156984
43.0708447316613 0.15284561666560956 0.001712372340083017
43.07293458958901 0.15310303580408782 0.0017298958936731073
43.075024447516725 0.15336174698742494 0.0017476721417013722
43.07711430544443 0.1536217263455411 0.0017656981510234284
43.07920416337215 0.1538829496721345 0.0017839709668173438
43.081294021299854 0.15414539246589798 0.0018024876127779408
43.08338387922757 0.15440902997115416 0.0018212450912267974
43.085473737155276 0.15467383721780306 0.0018402403831379414
43.08756359508298 0.15493978906054046 0.0018594704480833283
43.0896534530107 0.1552068602172667 0.0018789322240988576
43.091743310938405 0.15547502530664298 0.001898622627473942
43.09383316886612 0.15574425888476237 0.0019185385524677617
43.09592302679383 0.156014535480878 0.001938676870952976
43.09801288472154 0.15628582963218818 0.0019590344319913773
43.10010274264925 0.1565581159176284 0.0019796080613416604
43.10219260057696 0.15683136899068392 0.0020003945609037106
43.10428245850467 0.15710556361118327 0.002021390708099314
43.106372316432385 0.15738067467609787 0.002042593255193463
43.10846217436009 0.15765667724931728 0.002063998928555801
43.110552032287806 0.15793354659043404 0.0020856044278660907
43.112641890215514 0.15821125818251552 0.002107406425262812
43.11473174814323 0.15848978775890374 0.002129401564438449
43.116821606070936 0.15876911132902674 0.0021515864596801113
43.11891146399865 0.1590492052032685 0.002173957694858676
43.12100132192636 0.15933004601688533 0.0021965118223646316
43.12309117985407 0.15961161075302002 0.0022192453619934048
43.12518103778178 0.15989387676480582 0.0022421547997778842
43.12727089570949 0.160176821796614 0.002265236586770515
43.1293607536372 0.1604604240044398 0.002288487137772201
43.131450611564915 0.16074465331318877 0.0023119027822668388
43.13354046949262 0.16102943760976474 0.002335479576490336
43.13563032742034 0.16131469223199107 0.0023592134641446214
43.137720185348044 0.16160033298185408 0.0023831003463918978
43.13981004327576 0.16188627614199233 0.0024071360802006042
43.141899901203466 0.1621724414938771 0.002431316403856234
43.14398975913118 0.16245877646536436 0.002455636352439169
43.14607961705889 0.16274524333992388 0.0024800905694660307
43.1481694749866 0.16303180493482522 0.002504673652583719
43.15025933291431 0.16331842443657957 0.002529380155560583
43.152349190842024 0.16360506536954364 0.0025542045869612878
43.15443904876973 0.16389169156505498 0.0025791414087171266
43.156528906697446 0.16417826634942873 0.002604185233989331
43.15861876462515 0.16446473594306693 0.00262933505645625
43.16070862255286 0.16475102939532565 0.00265459427572448
43.162798480480575 0.1650370745040323 0.0026799666360855993
43.16488833840828 0.165322798457351 0.0027054560550796693
43.166978196336 0.16560812778569114 0.0027310666280372176
43.169068054263704 0.16589298832287824 0.002756802630376743
43.17115791219142 0.16617730517643212 0.002782668517693111
43.173247770119126 0.1664610027067322 0.002808668923664855
43.17533762804684 0.16674400451490268 0.0028348086558143302
43.17742748597455 0.1670262299644483 0.002861093704301358
43.17951734390226 0.1673075820021687 0.0028875348073336567
43.18160720182997 0.1675879585939661 0.002914144123717256
43.183697059757684 0.16786725717090986 0.0029409339167142863
43.18578691768539 0.16814537459595189 0.002967916541393954
43.187876775613105 0.1684222071359141 0.002995104430472349
43.18996663354081 0.16869765043867574 0.0030225100786267535
43.19205649146853 0.16897159951522855 0.003050146025365116
43.194146349396235 0.16924394872616627 0.0030780248365323954
43.19623620732395 0.1695145917721969 0.0031061590845486535
43.198326065251656 0.1697834216881673 0.0031345613274749965
43.20041592317937 0.1700503308401148 0.0031632440870167098
43.20250578110708 0.17031521092476606 0.0031922198255737388
43.20459563903479 0.17057795297093414 0.0032215009224613516
43.2066854969625 0.1708384473421784 0.0032510996494235535
43.208775354890214 0.17109658374012898 0.003281028145573336
43.21086521281792 0.1713522512078039 0.003311298391891922
43.212955070745636 0.17160533813228998 0.0033419221854289385
43.21504492867334 0.1718557322461011 0.0033729111133413204
43.21713478660106 0.17210332062657954 0.003404276526916404
43.219224644528765 0.17234798969266163 0.003436029515717839
43.22131450245648 0.1725896251983939 0.003468180881998212
43.22340436038419 0.17282811222255448 0.0035007411155125808
43.2254942183119 0.17306333515381256 0.0035337203688697587
43.22758407623961 0.17329517767083852 0.003567128433545642
43.22967393416732 0.17352352271686702 0.0036009747166829585
43.23176379209503 0.17374825246820685 0.0036352682187865528
43.233853650022745 0.1739692482962904 0.0036700175124211518
43.23594350795045 0.1741863907228551 0.003705230722000892
43.23803336587817 0.17439957297555725 0.0037409163202232003
43.240123223805874 0.17460877234361125 0.0037770874145510343
43.24221308173358 0.1748139998902124 0.003813758778449428
43.244302939661296 0.17501526889749544 0.003850944963907442
43.246392797589 0.1752125950679094 0.0038886603077336133
43.24848265551672 0.175405996950352 0.003926918977687957
43.250572513444425 0.17559551018079733 0.003965737632262607
43.25266237137214 0.17578119762425243 0.004005137290133212
43.25475222929985 0.1759631283573057 0.004045139327881563
43.25684208722756 0.17614137558299542 0.004085765080649767
43.25893194515527 0.17631601676526218 0.004127035868418092
43.26102180308298 0.1764871337323533 0.0041689730214167576
43.26311166101069 0.17665481274919587 0.004211597904517102
43.265201518938404 0.17681914995670003 0.004254931454180739
43.26729137686611 0.17698033424031506 0.004298986763203874
43.269381234793826 0.17713862819483628 0.004343770916545051
43.271471092721534 0.17729429590381082 0.004389291550460124
43.27356095064925 0.17744760051593467 0.004435557080391503
43.275650808576955 0.17759880404089845 0.00448257672145251
43.27774066650467 0.17774816718549158 0.004530360498620643
43.27983052443238 0.1778959492237512 0.0045789192474898965
43.28192038236009 0.17804240789533593 0.004628264606437066
43.2840102402878 0.17818779932672277 0.004678409001031576
43.28610009821551 0.17833237882399497 0.004729365643261831
43.28818995614322 0.17847644069051857 0.004781149519182714
43.290279814070935 0.17862033504426097 0.004833777786193412
43.29236967199864 0.17876441431008416 0.004887268372247244
43.29445952992636 0.17890902882640752 0.004941639821672823
43.296549387854064 0.17905452685143997 0.0049969112496382
43.29863924578178 0.1792012545724165 0.005053102293901614
43.300729103709486 0.17934955611680875 0.005110233064419298
43.3028189616372 0.17949977356489377 0.00516832409135139
43.30490881956491 0.1796522469633741 0.00522739627195437
43.30699867749262 0.17980731434008013 0.005287470816821434
43.30908853542033 0.17996531172001057 0.005348569195881492
43.311178393348044 0.18012657314321912 0.005410713084543088
43.31326825127575 0.18029143068519773 0.0054739243103206865
43.315358109203466 0.1804602144805739 0.005538224800258937
43.31744796713117 0.18063325275100325 0.005603636529423326
43.31953782505889 0.18081087183822855 0.005670181470706194
43.321627682986595 0.18099339624326807 0.005737881546151309
43.3237175409143 0.18118114867272295 0.005806758579982887
43.32580739884202 0.1813744500931268 0.00587683425348242
43.327897256769724 0.18157361979422176 0.005948130061835234
43.32998711469744 0.18177897546196548 0.006020667273040868
43.332076972625146 0.18199083326195578 0.006094466888945958
43.33416683055286 0.1822095079338866 0.006169549608446069
43.33625668848057 0.18243531289748566 0.006245935792862986
43.33834654640828 0.18266856037030763 0.006323645433496998
43.34043640433599 0.18290956149758036 0.006402698121315875
43.3425262622637 0.18315862649422618 0.006483113018738936
43.34461612019141 0.18341604882424115 0.006564908108262558
43.346705978119125 0.18368199593052978 0.006648095210086309
43.34879583604683 0.18395657760608697 0.006732683084834414
43.35088569397455 0.18423990646562582 0.006818680165182056
43.352975551902254 0.1845320989072075 0.006906094581113015
43.35506540982997 0.18483327566042104 0.006994934166498274
43.357155267757676 0.18514356525071135 0.007085207556153424
43.35924512568539 0.18546311934560242 0.007176929598695876
43.3613349836131 0.18579210264341836 0.007270117304158052
43.36342484154081 0.18613068690012682 0.0073647874621115056
43.36551469946852 0.18647905122504552 0.007460956616109248
43.367604557396234 0.18683738234332795 0.007558641038267594
43.36969441532394 0.18720587481943007 0.007657856700595609
43.371784273251656 0.18758473124564506 0.007758619243340991
43.37387413117936 0.1879741520261159 0.007860945269256151
43.37596398910708 0.18837421318363481 0.007964867942487871
43.378053847034785 0.1887849039427227 0.008070432043050208
43.3801437049625 0.18920621364926307 0.008177682765390973
43.38223356289021 0.18963813271495072 0.008286665557033635
43.38432342081792 0.1900806518395341 0.008397426174212448
43.38641327874563 0.19053376128200852 0.008510010728106733
43.38850313667334 0.19099745018125583 0.00862446572236881
43.39059299460105 0.19147170592687426 0.008740838082518373
43.392682852528765 0.19195651358125293 0.008859175177718432
43.39477271045647 0.19245185535394857 0.008979524835356412
43.396862568384186 0.19295768246252706 0.00910193796622849
43.398952426311894 0.19347372081607303 0.009226486940687745
43.40104228423961 0.1939995860150768 0.00935325475631787
43.403132142167316 0.19453488882212158 0.009482325049551158
43.40522200009502 0.19507923548004347 0.009613782035333909
43.40731185802274 0.19563222740565495 0.009747710505513946
43.409401715950445 0.19619346093460416 0.009884195822324993
43.41149157387816 0.1967625271165919 0.010023323907234727
43.413581431805866 0.19733901155983236 0.010165181225403705
43.41567128973358 0.19792249432348508 0.010309854766028328
43.41776114766129 0.19851254985640307 0.010457432018814293
43.419851005589 0.19910874698041456 0.010608000946862454
43.42194086351671 0.19971064891599263 0.010761649956224455
43.424030721444424 0.20031781334806809 0.01091846786242459
43.42612057937213 0.20092979252941015 0.01107854385421982
43.428210437299846 0.20154613341894526 0.011241967454910596
43.43030029522755 0.20216637785209393 0.011408828481488165
43.43239015315527 0.20279006274020653 0.011579217001944456
43.434480011082975 0.2034167202959362 0.011753223291039549
43.43656986901069 0.20404587828145168 0.011930937784859997
43.4386597269384 0.20467706027620342 0.012112451034464913
43.44074958486611 0.20530978596108268 0.012297853658951778
43.44283944279382 0.20594357141568623 0.012487236298231152
43.44492930072153 0.2065779294255807 0.01268068956583128
43.44701915864924 0.20721236979639496 0.012878304002003845
43.449109016576955 0.20784639967180546 0.013080170027430702
43.45119887450466 0.20847952385246182 0.013286377897775105
43.45328873243238 0.20911124511318935 0.01349701765934688
43.455378590360084 0.2097410645158287 0.013712179106088686
43.4574684482878 0.21036848171539757 0.013931951738114805
43.459558306215506 0.2109929952573195 0.014156424721966671
43.46164816414322 0.21161410286381213 0.014385686852773158
43.46373802207093 0.21223130170760884 0.014619826518432829
43.46582787999864 0.21284408867154803 0.014858931665959935
43.46791773792635 0.21345196059265445 0.015103089770062781
43.470007595854064 0.21405441448969761 0.01535238780405002
43.47209745378177 0.21465094777329904 0.015606912213085865
43.474187311709485 0.21524105843801059 0.015866748889845805
43.47627716963719 0.21582424523586094 0.016131983152549594
43.47836702756491 0.2164000078311951 0.01640269972538339
43.480456885492615 0.2169678469366889 0.016678982721248754
43.48254674342033 0.2175272560234443 0.01696091684955459
43.484636601348036 0.2180776460251725 0.017248598340693064
43.486726459275744 0.2186183815500715 0.017542129599817227
43.48881631720346 0.21914882901537186 0.01784161218976314
43.490906175131165 0.2196683576414617 0.018147146693730756
43.49299603305888 0.22017633984387172 0.018458832665391386
43.49508589098659 0.2206721515961088 0.018776768582865682
43.4971757489143 0.22115517276122584 0.01910105180687498
43.49926560684201 0.22162478739035854 0.019431778543241136
43.50135546476972 0.2220803839870158 0.0197690438099189
43.50344532269743 0.22252135573623627 0.020112941408617805
43.505535180625145 0.22294710133827542 0.02046356415807821
43.50762503855285 0.22335719450634703 0.020821071703760213
43.50971489648057 0.2237516150564313 0.02118578201357845
43.511804754408274 0.2241304123777202 0.02155803537237276
43.51389461233599 0.22449364855865364 0.021938171584413572
43.515984470263696 0.22484139764590025 0.022326529791029826
43.51807432819141 0.22517374475148394 0.022723448246161067
43.52016418611912 0.22549078502732173 0.023129264055250693
43.52225404404683 0.22579262252611715 0.023544312882823444
43.52434390197454 0.22607936896701894 0.02396892863385257
43.526433759902254 0.2263511424239755 0.024403443113952993
43.52852361782996 0.22660806595401184 0.02484818567318117
43.530613475757676 0.226850266181995 0.025303482838132968
43.53270333368538 0.2270778718575796 0.025769657936739302
43.5347931916131 0.22729101239918842 0.026247030720037267
43.536883049540805 0.22748981643886423 0.026735916984860244
43.53897290746852 0.22767441038085146 0.027236628201234788
43.54106276539623 0.22784491698564127 0.027749471147896537
43.54315262332394 0.22800145399014693 0.028274747559154875
43.54524248125165 0.2281441327734943 0.028812753785927334
43.54733233917936 0.2282730570768102 0.02936378047356632
43.54942219710707 0.22838832178420992 0.02992811225867199
43.551512055034785 0.22849001177109407 0.0305060274868832
43.55360191296249 0.22857820082473806 0.031097797953204324
43.555691770890206 0.22865295064112592 0.03170368866623502
43.557781628817914 0.23799117521650295 0.037290700372823046
43.55987148674563 0.23841792132930337 0.03806481186326488
43.561961344673335 0.23884642598908007 0.03885895539167637
43.56405120260105 0.23927723338427712 0.03967353205954323
43.56614106052876 0.23971088174297514 0.040508937307165226
43.568230918456464 0.24014790261663177 0.04136556077885047
43.57032077638418 0.23069986914281385 0.057925723382239204
43.572410634311886 0.23050493448003895 0.05924746387262189
43.5745004922396 0.23029590490985075 0.060606941972889544
43.57659035016731 0.2300728588505215 0.06200496431918293
43.57868020809502 0.22983586055500985 0.06344233558528568
43.58077006602273 0.22958496034854103 0.0649198583996285
43.582859923950444 0.22932019490178918 0.06643833327476287
43.58494978187815 0.22904158753543247 0.06799855854864253
43.587039639805866 0.22874914855194856 0.06960133033731586
43.58912949773357 0.22844287559075216 0.0712474424982686
43.59121935566129 0.22812275400290927 0.07293768660396185
43.593309213588995 0.2277887572419378 0.07467285192474687
43.59539907151671 0.22744084726735825 0.07645372542068254
43.59748892944442 0.2270789749579528 0.07828109174141419
43.59957878737213 0.22670308053185054 0.08015573323365036
43.60166864529984 0.22631309397086247 0.0820784299554004
43.60375850322755 0.22590893544663526 0.08404995969654361
43.60584836115526 0.22549051574650314 0.08607109800491577
43.607938219082975 0.22505773669704324 0.08814261821753482
43.61002807701068 0.2246104915836383 0.09026529149618802
43.6121179349384 0.22414866556445986 0.09243988686706393
43.614207792866104 0.22367213607756484 0.09466717126369556
43.61629765079382 0.22318077323988297 0.09694790957296694
43.618387508721526 0.22267444023713664 0.09928286468349641
43.62047736664924 0.22215299370379007 0.10167279753622044
43.62256722457695 0.22161628409237286 0.10411846717653914
43.62465708250466 0.22106415603154828 0.10662063080791825
43.62674694043237 0.2204964486725307 0.1091800438463548
43.62883679836008 0.2199129960234508 0.11179745997566976
43.63092665628779 0.21931362727148823 0.11447363120307796
43.633016514215505 0.21869816709256001 0.11720930791506289
43.63510637214321 0.21806643594855754 0.12000523893304468
43.63719623007093 0.21741825037207096 0.1228621715689299
43.639286087998634 0.21675342323873442 0.12578085168006323
43.64137594592634 0.21607176402724845 0.12876202372371578
43.643465803854056 0.21537307906730463 0.13180643081072807
43.64555566178177 0.21465717177560345 0.13491481475828865
43.64764551970948 0.2139238428802049 0.1380879161417748
43.649735377637185 0.21317289063350095 0.14132647434552664
43.6518252355649 0.21240411101412224 0.14463122761243288
43.65391509349261 0.21161729791809694 0.1480029130922925
43.65600495142032 0.2108122433395707 0.15144226688902937
43.65809480934803 0.2099887375415052 0.1549500241064343
43.66018466727574 0.20914656921663208 0.15852691889275974
43.66227452520345 0.2082855256391136 0.16217368448377076
43.664364383131165 0.20740539280718995 0.16589105324462108
43.66645424105887 0.20650595557727164 0.1696797567101569
43.66854409898659 0.20558699778974973 0.1735405256240463
43.670633956914294 0.20464830238698378 0.17747408997633454
43.67272381484201 0.20368965152372528 0.18148117903984784
43.674813672769716 0.20271082667043108 0.18556252140504037
43.67690353069743 0.20171160870970592 0.1897188450137319
43.67899338862514 0.2006917780263161 0.19395087719131995
43.68108324655285 0.1996511145909934 0.1982593446779379
43.68317310448056 0.19858939803845577 0.20264497365813083
43.685262962408274 0.19750640773983927 0.20710848978954113
43.68735282033598 0.19640192286995303 0.2116506182301646
43.689442678263696 0.1952757224695252 0.2162720836646853
43.6915325361914 0.19412758550283363 0.2209736103294376
43.69362239411912 0.19295729091086455 0.22575592203652248
43.695712252046825 0.19176461766037567 0.23061974219660986
43.69780210997454 0.19054934478897922 0.23556579384097204
43.699891967902246 0.2495423507105134 0.3281977925549963
43.70198182582996 0.25092398625797174 0.33548076484300154
43.70407168375767 0.252349391242497 0.3428916285748396
43.70616154168538 0.2538192303178257 0.3504315998821701
43.70825139961309 0.2553341681376746 0.3581018948965505
43.710341257540804 0.2568948693557807 0.3659037297496417
43.71243111546851 0.25850199862586 0.37383832057299965
43.714520973396226 0.2601562206016503 0.3819068834982873
43.71661083132393 0.2618581999368669 0.3901106346570585
43.71870068925165 0.26360860128524816 0.39845079018097795
43.720790547179355 0.26540808930050885 0.4069285662015977
43.72288040510706 0.2672573286363817 0.41554517885055503
43.72497026303478 0.26915698394659976 0.42430184425948847
