logL Corr CorrErr
41.88853144895651 -0.18336682565959753 0.004958979664932535
41.89073438190169 -0.1834709743625575 0.004926873291776857
41.892937314846854 -0.18359545476194844 0.004896235990509988
41.89514024779203 -0.18373972903707828 0.004867044765687992
41.897343180737195 -0.18390325936725335 0.004839276621867325
41.89954611368237 -0.18408550793178197 0.004812908563604073
41.90174904662754 -0.1842859369099708 0.004787917595454594
41.90395197957271 -0.18450400848112644 0.004764280721975228
41.906154912517884 -0.1847391848245574 0.004741974947722089
41.90835784546306 -0.1849909281195704 0.004720977277251518
41.910560778408225 -0.18525870054547164 0.0047012647151198446
41.9127637113534 -0.18554196428157005 0.0046828142658832065
41.914966644298566 -0.18584018150717113 0.0046656029340979895
41.91716957724374 -0.18615281440158396 0.004649607724320345
41.919372510188914 -0.18647932514411494 0.0046348056411066015
41.92157544313408 -0.18681917591407002 0.004621173689013062
41.923778376079255 -0.18717182889075876 0.004608688872595907
41.92598130902442 -0.18753674625348604 0.00459732819641148
41.928184241969596 -0.18791339018156145 0.004587068665015977
41.93038717491477 -0.18830122285429116 0.0045778872829657005
41.93259010785994 -0.1886997064509809 0.004569761054816939
41.93479304080511 -0.1891083031509406 0.004562666985125908
41.936995973750285 -0.18952647513347623 0.004556582078448901
41.93919890669545 -0.1899536845778935 0.004551483339342195
41.941401839640626 -0.19038939366350255 0.004547347772362026
41.94360477258579 -0.1908330645696077 0.004544152382064687
41.94580770553097 -0.19128415947551908 0.004541874173006423
41.94801063847614 -0.1917421405605425 0.004540490149743509
41.95021357142131 -0.1922064700039837 0.004539977316832212
41.95241650436648 -0.19267660998515282 0.004540312678828795
41.95461943731165 -0.19315202268335407 0.004541473240289521
41.95682237025682 -0.19363217027789786 0.004543436005770664
41.959025303202 -0.1941165149480898 0.004546177979828485
41.961228236147164 -0.19460451887323554 0.0045496761670192395
41.96343116909234 -0.19509564423264544 0.004553907571899216
41.965634102037505 -0.19558935320562362 0.00455884919902465
41.96783703498268 -0.19608510797148046 0.004564478052951843
41.97003996792785 -0.1965823707095216 0.004570771138237043
41.97224290087302 -0.19708060359905263 0.004577705459436492
41.974445833818194 -0.197579268819384 0.004585258021106502
41.97664876676337 -0.19807782854982148 0.004593405827803318
41.978851699708535 -0.19857574496967048 0.004602125884083175
41.98105463265371 -0.19907248025824154 0.004611395194502394
41.983257565598876 -0.19956749659483866 0.004621190763617182
41.98546049854405 -0.20006025615877224 0.004631489595983869
41.987663431489224 -0.200550221129348 0.004642268696158688
41.98986636443439 -0.20103685368587149 0.00465350506869787
41.992069297379565 -0.2015196160076532 0.00466517571815775
41.99427223032473 -0.20199797027399716 0.004677257649094522
41.996475163269906 -0.20247137866421366 0.004689727866064527
41.99867809621508 -0.20293930335760843 0.004702563373623992
42.00088102916025 -0.20340120653348714 0.004715741176329141
42.00308396210542 -0.20385655037116018 0.004729238278736327
42.005286895050595 -0.20430479704993304 0.0047430316854017674
42.00748982799576 -0.20474540874911182 0.004757098400881689
42.009692760940936 -0.20517784764800626 0.0047714154297324425
42.0118956938861 -0.205601575925921 0.0047859597765102044
42.01409862683128 -0.206016055762166 0.004800708445771334
42.01630155977645 -0.2064207493360471 0.004815638442072048
42.01850449272162 -0.20681511882687018 0.004830726769968567
42.02070742566679 -0.2071986264139451 0.004845950434017251
42.02291035861196 -0.20757073427657663 0.004861286438774269
42.02511329155713 -0.20793090459407432 0.004876711788795985
42.02731622450231 -0.20827859954574424 0.004892203488638614
42.029519157447474 -0.20861328131089255 0.004907738542858375
42.03172209039265 -0.2089344120688286 0.0049232939560116306
42.03392502333782 -0.20924145399885855 0.004938846732654599
42.03612795628299 -0.20953386928028864 0.004954373877343492
42.03833088922816 -0.2098111200924282 0.00496985239463468
42.04053382217333 -0.2100726686145824 0.004985259289084326
42.042736755118504 -0.21031797702606023 0.0050005715652487945
42.04493968806368 -0.21054650750616818 0.005015766227684304
42.047142621008845 -0.21075772223421269 0.0050308202809470695
42.04934555395402 -0.21095108338950244 0.005045710729593456
42.051548486899186 -0.21112605315134328 0.005060414578179631
42.05375141984436 -0.21128209369904374 0.005074908831261956
42.055954352789534 -0.21141866721191033 0.005089170493396649
42.0581572857347 -0.21153523586924994 0.0051031765691399306
42.060360218679875 -0.2116312618503706 0.0051169040630481555
42.06256315162505 -0.2117062073345791 0.005130329979677547
42.064766084570216 -0.21175953450118254 0.005143431323584326
42.06696901751539 -0.21179070552948853 0.005156185099324845
42.06917195046056 -0.211799182598804 0.005168568311455285
42.07137488340573 -0.21178442788843632 0.005180557964531993
42.073577816350905 -0.21174590357769255 0.005192131063111195
42.07578074929607 -0.21168307184588037 0.005203264611749119
42.077983682241246 -0.21159539487230633 0.005213935615002104
42.08018661518641 -0.21148233483627846 0.0052241210774263466
42.08238954813159 -0.21134335391710313 0.005233798003578181
42.08459248107676 -0.2111779142940879 0.005242943398013834
42.08679541402193 -0.21098547814654064 0.005251534265289547
42.0889983469671 -0.21076550765376742 0.00525954760996164
42.09120127991227 -0.21051746499507684 0.005266960436586331
42.09340421285744 -0.21024081234977457 0.005273749749719928
42.09560714580262 -0.20993501189716854 0.005279892553918676
42.097810078747784 -0.2095995258165671 0.005285365853738822
42.10001301169296 -0.2092338162872753 0.005290146653736666
42.10221594463813 -0.2088373454886015 0.005294211958468458
42.1044188775833 -0.20840957559985426 0.005297538772490452
42.10662181052847 -0.20794996880033814 0.005300104100358935
42.10882474347364 -0.2074579872693632 0.005301884946630156
42.111027676418814 -0.20693310932449785 0.005302859035671447
42.11323060936399 -0.20637523817766928 0.005303023043309059
42.115433542309155 -0.20455211473162538 0.0025377249834563215
42.11763647525433 -0.2039052866050978 0.00253539233518086
42.119839408199496 -0.20322972709196502 0.0025328227357382504
42.12204234114467 -0.20252579232060758 0.0025300216562151997
42.124245274089844 -0.20179383747936924 0.002526994520125456
42.12644820703501 -0.20103421686987838 0.0025237467066876935
42.128651139980185 -0.20024728395842378 0.002520283553955445
42.13085407292536 -0.1994333914255568 0.0025166103618072576
42.133057005870526 -0.19859289121401402 0.002512732394804274
42.1352599388157 -0.1977261345751115 0.0025086548849221515
42.13746287176087 -0.19683347211376204 0.002504383034163654
42.13966580470604 -0.19591525383216063 0.0024999220170573446
42.141868737651215 -0.19497182917233088 0.0024952769830479293
42.14407167059638 -0.19400354705756212 0.0024904530587826867
42.146274603541556 -0.19301075593286104 0.0024854553502983573
42.14847753648672 -0.19199380380453956 0.002480288945112535
42.1506804694319 -0.1909530382789443 0.0024749589142226158
42.15288340237707 -0.1898888066005034 0.00246947031401585
42.15508633532224 -0.18880145568908407 0.0024638281880928013
42.15728926826741 -0.18769133217676157 0.0024580375690067212
42.159492201212586 -0.18655878244409838 0.002452103479921027
42.16169513415775 -0.1854041526559325 0.0024460309361862653
42.16389806710293 -0.18422778879676002 0.0024398249468380847
42.166101000048094 -0.1830300367058061 0.002433490516017538
42.16830393299327 -0.18181124211173774 0.002427032644313997
42.17050686593844 -0.1805717506671787 0.002420456330031813
42.17270979888361 -0.1793119079829724 0.0024137665703804784
42.17491273182878 -0.1780320596622668 0.0024069683625884664
42.17711566477395 -0.1767325513345 0.0024000667049407193
42.179318597719124 -0.17541372868921207 0.0023930665977387367
42.1815215306643 -0.1740759375098352 0.002385973044183171
42.183724463609465 -0.17271952370738117 0.0023787910511774107
42.18592739655464 -0.17134483335408585 0.0023715256300511655
42.18813032949981 -0.1699522127170666 0.002364181797202853
42.19033326244498 -0.1685420082919261 0.002356764574658751
42.192536195390154 -0.16711456683634723 0.002349278990547292
42.19473912833532 -0.16567023540373008 0.0023417300794867286
42.196942061280495 -0.16420936137675485 0.0023341228828833663
42.19914499422567 -0.16273229250100393 0.002326462449138718
42.201347927170836 -0.1612393769185178 0.0023187538337624287
42.20355086011601 -0.15973096320131558 0.002311002099388518
42.20575379306118 -0.15820740038491057 0.002303212315692361
42.20795672600635 -0.15666903800167561 0.0022953895592048106
42.210159658951525 -0.15511622611417475 0.0022875389130211387
42.21236259189669 -0.15354931534830493 0.002279665466400981
42.214565524841866 -0.15196865692625594 0.002271774314256271
42.21676845778703 -0.15037460269929523 0.002263870556524089
42.21897139073221 -0.14876750518019857 0.0022559592974204083
42.22117432367738 -0.1471477177537959 0.002248045638125163
42.22337725662255 -0.14551562869712295 0.0022401334452679554
42.22558018956772 -0.14387170129768764 0.0022322238858767103
42.227783122512896 -0.14221640881659053 0.0022243177667921592
42.22998605545806 -0.1405502246061878 0.0022164158904537786
42.23218898840324 -0.13887362208093318 0.0022085190551617744
42.234391921348404 -0.13718707468910638 0.002200628055335122
42.23659485429358 -0.13549105588531543 0.002192743681764921
42.23879778723875 -0.13378603910395975 0.0021848667218637686
42.24100072018392 -0.1320724977335417 0.0021769979599103885
42.24320365312909 -0.13035090509190786 0.002169138177289698
42.24540658607426 -0.1286217344025011 0.002161288152728443
42.247609519019434 -0.12688545877151483 0.0021534486625256533
42.24981245196461 -0.12514255116614292 0.0021456204807785667
42.252015384909775 -0.12339348439381777 0.002137804379603249
42.25421831785495 -0.121638731082523 0.0021300011293500388
42.25642125080012 -0.11987876366226359 0.002122211498813891
42.25862418374529 -0.1181140543476262 0.0021144362554390284
42.260827116690464 -0.11634507512151392 0.0021066761655179614
42.26303004963563 -0.11457229772014887 0.0020989319943849694
42.265232982580805 -0.11279619361923685 0.0020912045066032443
42.26743591552598 -0.1110172340215024 0.002083494466146271
42.269638848471146 -0.10923588984549114 0.002075802636572631
42.27184178141632 -0.10745263171573576 0.0020681297811942904
42.27404471436149 -0.1056679299543846 0.002060476663238425
42.27624764730666 -0.10388225457419063 0.00205284404600194
42.278450580251835 -0.10209607527307678 0.0020452326929992354
42.280653513197 -0.10030986143017741 0.002037643368102352
42.282856446142176 -0.09852408210345867 0.0020300768356735456
42.28505937908735 -0.09673920602901499 0.0020225338606902465
42.28726231203252 -0.09495570162198512 0.002015015208861742
42.28946524497769 -0.09317403697918711 0.002007521646737536
42.29166817792286 -0.09139467988357759 0.002000053941807388
42.29387111086803 -0.08961809781044167 0.0019926128625921496
42.296074043813206 -0.08784475793553474 0.00198519917872586
42.29827697675837 -0.0860751271450837 0.0019778136610282193
42.30047990970355 -0.08430967204775609 0.0019704570815674005
42.302682842648714 -0.08254885898870573 0.001963130213713149
42.30488577559389 -0.08079315406560454 0.0019558338321792827
42.30708870853906 -0.07904302314688386 0.0019485687130559974
42.30929164148423 -0.07729893189209563 0.00194133563383109
42.3114945744294 -0.0755613457745047 0.0019341353734000253
42.31369750737458 -0.07383073010601433 0.0019269687120647358
42.315900440319744 -0.07210755006437837 0.0019198364315204221
42.31810337326492 -0.07039227072280366 0.0019127393148302392
42.320306306210085 -0.06868535708205112 0.0019056781463877752
42.32250923915526 -0.06698727410494998 0.001898653711866415
42.32471217210043 -0.06529848675354347 0.0018916667981559525
42.3269151050456 -0.06361946002878012 0.0018847181932855374
42.329118037990774 -0.06195065901285767 0.001877808686332864
42.33132097093594 -0.06029254891432364 0.0018709390673194782
42.333523903881115 -0.0586455248700593 0.0018641102490675378
42.33572683682629 -0.0570096498654533 0.0018573237220581142
42.337929769771456 -0.055384889061066145 0.0018505811471616893
42.34013270271663 -0.053771182219650895 0.001843884361304556
42.3423356356618 -0.05216838117578505 0.001837235805048521
42.34453856860697 -0.05057631932945199 0.0018306380482377386
42.346741501552145 -0.04899483055378997 0.0018240936608088286
42.34894443449731 -0.047423749208159074 0.0018176052126061897
42.351147367442486 -0.045862910148613704 0.0018111752731819388
42.35335030038766 -0.0443121487357306 0.0018048064115804003
42.35555323333283 -0.042771300839603996 0.0017985011961065393
42.357756166278 -0.041240202841956564 0.0017922621940783157
42.35995909922317 -0.039718691635317195 0.0017860919715629812
42.36216203216834 -0.03820660461904381 0.001779993093096654
42.364364965113516 -0.036703779692241874 0.0017739681213876654
42.36656789805868 -0.035210055243359205 0.001768019617003085
42.36877083100386 -0.03372527013641187 0.001762150138038597
42.370973763949024 -0.03224926369379618 0.001756362239771904
42.3731766968942 -0.03078187567547697 0.0017506584742992414
42.37537962983937 -0.029322946254609433 0.00174504139015566
42.37758256278454 -0.027872315989392705 0.0017395135319187517
42.37978549572971 -0.026429825791126082 0.0017340774397962338
42.38198842867489 -0.02499531688843739 0.001728735649197797
42.384191361620054 -0.02356863078753355 0.0017234906902912337
42.38639429456523 -0.022149609228457462 0.0017183450875434044
42.388597227510395 -0.020738094137345897 0.001713301359246672
42.39080016045557 -0.019333927574531493 0.001708362017030924
42.39300309340074 -0.017936951678593695 0.0017035295653622811
42.39520602634591 -0.016547008606221988 0.0016988065010287825
42.397408959291084 -0.015163940467926284 0.001694195312613973
42.39961189223625 -0.013787589259639615 0.0016896984799593896
42.401814825181425 -0.01241779679011478 0.0016853184736165066
42.4040177581266 -0.01105440460427608 0.0016810577542895945
42.406220691071766 -0.009697253902456175 0.001676918772270226
42.40842362401694 -0.008346185455619654 0.0016729039668647722
42.410626556962114 -0.007001039516684658 0.0016690157658162692
42.41282948990728 -0.005661655727952839 0.0016652565847217703
42.415032422852455 -0.004327873024793634 0.0016616288264467603
42.41723535579762 -0.002999529535749471 0.001658134880538253
42.419438288742796 -0.0016764624790964336 0.0016547771226378993
42.42164122168797 -0.00035850805615016433 0.0016515579138971252
42.42384415463314 0.0009544986586104174 0.0016484796003957648
42.42604708757831 0.002262723830359277 0.0016455445125661571
42.42825002052348 0.0035663349794187826 0.0016427549646246672
42.43045295346865 0.004865501099302103 0.0016401132540123631
42.432655886413826 0.006160392776918351 0.0016376216608471282
42.43485881935899 0.007451182314769192 0.0016352824473890432
42.43706175230417 0.008738043854798748 0.0016330978575212298
42.43926468524934 0.010021153503545528 0.0016310701162483502
42.44146761819451 0.011300689458339203 0.0016292014292147764
42.44367055113968 0.012576807997728966 0.0016274939256553309
42.44587348408485 0.013849399972635644 0.0016259490858638718
42.44807641703002 0.015118190579490189 0.001624567971494365
42.4502793499752 0.01638290286516525 0.0016233516032438194
42.452482282920364 0.017643249985827437 0.001622299180250072
42.45468521586554 0.0188989188435274 0.001621405235591983
42.456888148810705 0.020149592477093005 0.0016206635844770298
42.45909108175588 0.02139495412861197 0.0016200680804929295
42.46129401470105 0.022634687011201714 0.001619612619110536
42.46349694764622 0.023868474088977118 0.0016192911408135688
42.465699880591394 0.025095997869612908 0.0016190976338533406
42.46790281353656 0.026316940209828065 0.001619026136628065
42.470105746481735 0.02753098213418941 0.0016190707396877095
42.47230867942691 0.028737803667348783 0.0016192255873666709
42.474511612372076 0.02993708367998253 0.0016194848790476739
42.47671454531725 0.031128499748504502 0.0016198428700613782
42.478917478262424 0.032311728028573544 0.0016202938722270851
42.48112041120759 0.033486443142468895 0.0016208322540407806
42.483323344152765 0.03465231808025371 0.0016214524405174324
42.48552627709793 0.03580902411460183 0.001622148912695037
42.487729210043106 0.0369562307292546 0.0016229162068084199
42.48993214298828 0.038093605560832536 0.0016237489131410805
42.49213507593345 0.039220814353901894 0.0016246416745637033
42.49433800887862 0.040337520929038286 0.001625589184768035
42.49654094182379 0.04144338716360851 0.001626586186204854
42.49874387476896 0.04253807298510045 0.001627627467734804
42.500946807714136 0.04362123637661686 0.0016287078620005227
42.5031497406593 0.04469253339433776 0.001629822242528459
42.50535267360448 0.04575161819662174 0.00163096552056828
42.50755560654965 0.04679814308442101 0.0016321326416773932
42.50975853949482 0.04783175855277758 0.0016333185820576904
42.51196147243999 0.04885211335307789 0.0016345183446509703
42.51416440538516 0.04985885456575016 0.0016357269549988351
42.51636733833033 0.050851627683214294 0.0016369394568723176
42.51857027127551 0.05183007670272567 0.001638150907675482
42.520773204220674 0.052793844228951815 0.0016393563736266578
42.52297613716585 0.05374257158602347 0.001640550924719928
42.525179070111015 0.05467589893882734 0.0016417296294685493
42.52738200305619 0.05559346542343854 0.001642887549431137
42.52958493600136 0.05649490928644781 0.00164401973352016
42.53178786894653 0.05737986803313651 0.0016451212120914213
42.533990801891704 0.05824797858437417 0.0016461869908118805
42.53619373483688 0.059098877442155015 0.0016472120443019795
42.538396667782045 0.05993220086379993 0.0016481913095474613
42.54059960072722 0.06074758504481022 0.001649119679074208
42.542802533672386 0.061544666310400495 0.001649991993878271
42.54500546661756 0.06232308131587215 0.001650803036101879
42.547208399562734 0.06308246725588716 0.0016515475214445058
42.5494113325079 0.0638224620828943 0.001652220091296646
42.551614265453075 0.06454270473491559 0.0016528153045821128
42.55381719839824 0.06524284146977563 0.0016533276549311748
42.556020131343416 0.06592273586349236 0.0016537524436365846
42.55822306428859 0.06658252137009409 0.0016540859884579056
42.56042599723376 0.06722234882979868 0.0016543245485664824
42.56262893017893 0.06781839847912298 0.0009320237536288399
42.5648318631241 0.0683646226439598 0.0009358538357312084
42.56703479606927 0.06889663847910948 0.0009395105294132326
42.569237729014446 0.06941465454982179 0.0009430016257595045
42.57144066195961 0.06991888785945115 0.0009463347559557681
42.57364359490479 0.07040956333894027 0.0009495174039585717
42.57584652784996 0.0708869133706124 0.0009525569184254164
42.57804946079513 0.07135117734311497 0.0009554605239605393
42.5802523937403 0.07180260123463561 0.0009582353317235724
42.58245532668547 0.0722414372217984 0.000960888349441518
42.58465825963064 0.07266794331194942 0.0009634264908585399
42.58686119257582 0.07308238299668186 0.0009658565846519316
42.589064125520984 0.07348502492472668 0.0009681853828379224
42.59126705846616 0.07387614259245613 0.0009704195686859364
42.593469991411325 0.07425601405040487 0.0009725657641556291
42.5956729243565 0.07462492162439216 0.0009746305368672933
42.59787585730167 0.07498315164988092 0.000976620406612231
42.60007879024684 0.0753309942183849 0.0009785418514067796
42.602281723192014 0.07566874293478716 0.0009804013130904692
42.60448465613719 0.07599669468452173 0.0009822052024661345
42.606687589082355 0.07631514940967642 0.0009839599039776353
42.60889052202753 0.07662440989311176 0.0009856717799186124
42.611093454972696 0.07692478154975428 0.0009873471741639918
42.61329638791787 0.07721657222431234 0.0009889924154147594
42.615499320863044 0.07750009199465899 0.0009906138199451448
42.61770225380821 0.07777565298022646 0.0009922176938409646
42.619905186753385 0.07804356915476617 0.0009938103347173263
42.62210811969855 0.07830415616287009 0.000995398032903946
42.624311052643726 0.07855773113971735 0.0009969870720869236
42.6265139855889 0.07880461253350045 0.0009985837293963774
42.62871691853407 0.07904511993006769 0.0010001942749308607
42.63091985147924 0.07927957387932479 0.0010018249707109753
42.633122784424415 0.07950829572297739 0.0010034820690566885
42.63532571736958 0.07973160742325258 0.0010051718103855278
42.637528650314756 0.07994983139225528 0.0010069004204316299
42.63973158325992 0.08016329032165509 0.0010086741068889681
42.6419345162051 0.08037230701246491 0.0010104990554860277
42.64413744915027 0.08057720420467752 0.001012381425503013
42.64634038209544 0.0807783044066112 0.0010143273447474547
42.64854331504061 0.08097592972383783 0.0010163429040086435
42.65074624798578 0.08117040168762064 0.0010184341510163374
42.65294918093095 0.08136204108286255 0.0010206070839346294
42.65515211387613 0.0815511677755879 0.0010228676444268762
42.657355046821294 0.08173810054007255 0.0010252217103333616
42.65955797976647 0.08192315688577548 0.0010276750880085755
42.66176091271164 0.0821066528842871 0.0010302335043702816
42.66396384565681 0.08228890292036474 0.0010329025971514887
42.66616677860198 0.08247018682470568 0.0010356872365010507
42.66836971154715 0.08265069909399028 0.0010385904911437457
42.670572644492324 0.08283061976390181 0.0010416150903588082
42.6727755774375 0.08301012747835214 0.0010447636866064126
42.674978510382665 0.08318939841665828 0.0010480388043916573
42.67718144332784 0.08336855279654509 0.0010514404158958332
42.679384376273006 0.08354762494665426 0.0010549645831320848
42.68158730921818 0.08372664070620554 0.001058606964123277
42.683790242163354 0.08390562496323278 0.0010623631598901126
42.68599317510852 0.08408460188853425 0.0010662287308075358
42.688196108053695 0.08426359515783784 0.001070199212283473
42.69039904099887 0.08444262816162569 0.001074270129697114
42.692601973944036 0.0846217242021686 0.0010784370125406183
42.69480490688921 0.0848009066773929 0.0010826954077143788
42.69700783983438 0.08498019925128847 0.001087040891932671
42.69921077277955 0.08515962601066972 0.001091469083203711
42.701413705724725 0.08533921160814766 0.0010959756513540652
42.70361663866989 0.08551898139127925 0.0011005563275745867
42.705819571615066 0.08569896151790736 0.0011052069129708073
42.70802250456023 0.08587917905776953 0.0011099232861066395
42.71022543750541 0.08605966208053181 0.0011147014095363355
42.71242837045058 0.08624043973042478 0.0011195373353240206
42.71463130339575 0.0864215422877358 0.0011244272095556889
42.71683423634092 0.08660300121743389 0.001129367275852367
42.71903716928609 0.08678484920523685 0.0011343538778969835
42.72124010223126 0.08696712018148098 0.00113938346099148
42.72344303517644 0.08714984933314558 0.0011444525726627807
42.725645968121604 0.08733307310443675 0.0011495578623396596
42.72784890106678 0.08751682918632765 0.001154696080124089
42.73005183401195 0.08770115649546548 0.0011598640746823812
42.73225476695712 0.08788609514287626 0.0011650587902831938
42.73445769990229 0.08807168639288616 0.0011702772630099991
42.73666063284746 0.08825797261267755 0.001175516616176217
42.738863565792634 0.08844499721291457 0.0011807740549721224
42.74106649873781 0.08863280457983576 0.00118604686037174
42.743269431682975 0.08882143999923449 0.0011913323823286262
42.74547236462815 0.08901094957271856 0.0011966280322883906
42.747675297573316 0.08920138012662666 0.001201931275045104
42.74987823051849 0.08939277911398927 0.0012072396199684662
42.752081163463664 0.08958519450987149 0.001212550611626606
42.75428409640883 0.0897786747004553 0.0012178618198291102
42.756487029354005 0.08997326836617944 0.0012231708291129356
42.75868996229918 0.09016902435923892 0.0012284752276923866
42.760892895244346 0.09036599157574592 0.001233772595893224
42.76309582818952 0.09056421882281841 0.0012390604940888048
42.76529876113469 0.0907637546808434 0.0012443364501543597
42.76750169407986 0.09096464736116686 0.001249597946454253
42.769704627025035 0.0911669445594069 0.0012548424063741565
42.7719075599702 0.09137069330460446 0.0012600671804090086
42.774110492915376 0.09157593980438457 0.0012652695318149166
42.77631342586054 0.09178272710146207 0.001270447386010248
42.77851635880572 0.09199108495722821 0.001275602875516728
42.78071929175089 0.09220103793763441 0.001280739621814403
42.78292222469606 0.09241260959993078 0.0012858612624311564
42.78512515764123 0.09262582238091448 0.0012909714538813365
42.787328090586406 0.09284069590738565 0.001296073876269704
42.78953102353157 0.09305718529746326 0.0013011720251917057
42.79173395647675 0.09327516150245219 0.0013062690024357637
42.793936889421914 0.09349448909493595 0.0013113678746774636
42.79613982236709 0.09371503217652223 0.00131647172978777
42.79834275531226 0.09393665461778647 0.0013215836938133918
42.80054568825743 0.0941592202846369 0.001326706946692206
42.8027486212026 0.0943825932511118 0.0013318447366758527
42.80495155414777 0.09460663799860758 0.0013370003934300905
42.807154487092944 0.0948312196015533 0.0013421773397829905
42.80935742003812 0.09505620389949819 0.001347379102089639
42.811560352983285 0.0952814576556116 0.001352609319182932
42.81376328592846 0.09550684870156323 0.001357871749880131
42.815966218873626 0.09573224606874772 0.001363170279016093
42.8181691518188 0.09595752010584227 0.0013685089219766468
42.820372084763974 0.09618254258264533 0.00137389182770727
42.82257501770914 0.09640718678019033 0.0013793232801765584
42.824777950654315 0.09663132756710864 0.0013848076982774754
42.82698088359949 0.09685484146222743 0.0013903496341542581
42.829183816544656 0.09707760668342273 0.0013959537699489639
42.83138674948983 0.0972995031827451 0.0014016249129675435
42.833589682435 0.09752041266785758 0.0014073679892724305
42.83579261538017 0.097740218609876 0.0014131880357170707
42.837995548325345 0.09795880623769333 0.0014190901904453173
42.84019848127051 0.09817606251894143 0.0014250796818886847
42.842401414215686 0.09839187612775784 0.0014311618163034396
42.84460434716085 0.09860613739956575 0.0014373419638995352
42.84680728010603 0.09881873827314565 0.0014436255436244875
42.8490102130512 0.09902957222028523 0.0014500180066748395
42.85121314599637 0.09923853416338331 0.001456524818819663
42.85341607894154 0.099445520381412 0.0014631514416305772
42.855619011886716 0.09965042840469428 0.0014699033127232245
42.85782194483188 0.09985315689902857 0.0014767858251259175
42.86002487777706 0.10005360553972631 0.001483804305900228
42.862227810722224 0.10025167487618268 0.0014909639941472323
42.8644307436674 0.10044726618767397 0.0014982700185420432
42.86663367661257 0.10064028133109032 0.0015057273745451556
42.86883660955774 0.10083062258139226 0.001513340901446337
42.87103954250291 0.1010181924655981 0.0015211152594006663
42.87324247544808 0.10120289359114844 0.0015290549066195249
42.875445408393254 0.10138462846954284 0.0015371640768818658
42.87764834133843 0.10156329933613557 0.001545446757529749
42.879851274283595 0.10173880796702714 0.0015539066681118183
42.88205420722877 0.10191105549397411 0.0015625472398340435
42.88425714017394 0.10207994221824279 0.0015713715959718268
42.88646007311911 0.10224536992511447 0.0015803819921647508
42.888663006064284 0.10240727298678426 0.0015895730086931215
42.89086593900945 0.10256560778567927 0.0015989337414304245
42.893068871954625 0.10272032820672833 0.0016084530966543461
42.8952718048998 0.10287138499568439 0.0016181199545684595
42.897474737844966 0.10301872569630705 0.001627923210179909
42.89967767079014 0.10316229918449259 0.0016378518428736728
42.90188060373531 0.10330216301707003 0.0016478957867857558
42.90408353668048 0.10343848800201864 0.0016580460295330726
42.906286469625655 0.10357144848271387 0.001668293752641877
42.90848940257082 0.10370121729301145 0.0016786303109235588
42.910692335515996 0.10382796602419021 0.0016890472537986296
42.91289526846117 0.10395186527516478 0.0016995363429640113
42.91509820140634 0.10407308488606727 0.0017100895666340686
42.91730113435151 0.10419179415542444 0.001720699150591939
42.91950406729668 0.10430816204127463 0.0017313575662903109
42.92170700024185 0.1044223573466808 0.0017420575362408922
42.923909933187026 0.10453454889015747 0.001752792036925713
42.92611286613219 0.10464490566161437 0.001763554299458408
42.92831579907737 0.10475359696445719 0.0017743378082134655
42.930518732022534 0.10486079254452357 0.0017851362976308226
42.93272166496771 0.10496666270656964 0.0017959437473925343
42.93492459791288 0.10497032333484103 0.0009674570313536602
42.93712753085805 0.10512683458143987 0.000978163966126452
42.93933046380322 0.1052816888962662 0.0009885967433497507
42.9415333967484 0.10543505526669952 0.0009987664358848199
42.943736329693564 0.10558709936148129 0.0010086832051174075
42.94593926263874 0.10573798381448613 0.001018356396731507
42.948142195583905 0.10588786847765887 0.0010277946253726992
42.95034512852908 0.1060369106465457 0.0010370058495723581
42.95254806147425 0.10618526526144378 0.0010459974381171234
42.95475099441942 0.10633308508690013 0.0010547762288917297
42.956953927364594 0.10648052087199554 0.0010633485810869173
42.95915686030976 0.10662772149361198 0.001071720421548035
42.961359793254935 0.10677483408469234 0.0010798972859408257
42.96356272620011 0.10692200414929741 0.0010878843553229444
42.965765659145276 0.10706937566613661 0.0010956864886363606
42.96796859209045 0.10721709118209925 0.0011033082515698048
42.97017152503562 0.10736529189719779 0.0011107539421837719
42.97237445798079 0.10751411774225177 0.001118027613641961
42.974577390925965 0.1076637074505289 0.0011251330943483021
42.97678032387113 0.10781419862451469 0.001132074005751943
42.978983256816306 0.10796572779890234 0.0011388537780481274
42.98118618976148 0.10811843050084514 0.0011454756639732167
42.98338912270665 0.10827244130848446 0.001151942750866318
42.98559205565182 0.10842789390872107 0.001158257971145825
42.98779498859699 0.10858492115517257 0.0011644241113280874
42.98999792154216 0.10874365512726106 0.0011704438196971458
42.992200854487336 0.1089042271913383 0.0011763196127160798
42.9944037874325 0.1090667680647842 0.001182053880255903
42.99660672037768 0.10923140745797312 0.0011876489176051175
42.998809653322844 0.10939825322568461 0.0011931082923467163
43.00101258626802 0.10956738143826625 0.001198437466667739
43.00321551921319 0.10973886429188635 0.0012036419558906707
43.00541845215836 0.1099127723923853 0.001208727183293482
43.00762138510353 0.11008917466723837 0.0012136984907910977
43.00982431804871 0.1102681382854027 0.00121856114898644
43.012027250993874 0.11044972516391294 0.0012233203704764266
43.01423018393905 0.11063393649667708 0.0012279813350267368
43.016433116884215 0.11082072253360216 0.0012325491757825418
43.01863604982939 0.11101003078711011 0.0012370289917017067
43.02083898277456 0.11120180767336453 0.0012414258565300528
43.02304191571973 0.11139599861797607 0.0012457448259937138
43.025244848664904 0.1115925481545311 0.0012499909445506776
43.02744778161007 0.11179140001624774 0.0012541692517206166
43.029650714555245 0.11199249722109043 0.0012582847880103333
43.03185364750042 0.11219578215064308 0.0012623426004493069
43.034056580445586 0.11240119662307968 0.0012663477477487118
43.03625951339076 0.11260868196055122 0.0012703053050950753
43.03846244633593 0.11281817905131082 0.001274220368588211
43.0406653792811 0.11302962840692234 0.0012780980593320712
43.042868312226275 0.11324297021486426 0.0012819435271852167
43.04507124517144 0.1134581443868762 0.0012857619541771163
43.047274178116616 0.1136750906033725 0.001289558557595049
43.04947711106179 0.11389374835424637 0.0012933385927454705
43.05168004400696 0.11411405697640452 0.0012971073553932552
43.05388297695213 0.11433595568834992 0.001300870183881203
43.0560859098973 0.11455938362212549 0.001304632460931618
43.05828884284247 0.11478427985294999 0.0013083996151317346
43.060491775787646 0.11501058342683088 0.0013121771221037187
43.06269470873281 0.11523823338646914 0.001315970505360407
43.06489764167799 0.11546716879573582 0.0013197853368473638
43.067100574623154 0.11569732876298643 0.0013236272371717876
43.06930350756833 0.1159286524634908 0.0013275018755192886
43.0715064405135 0.11616107916119935 0.0013314149692590473
43.07370937345867 0.116394548230088 0.001335372283238804
43.07591230640384 0.1166289991752777 0.001339379628771053
43.07811523934902 0.11686437165410178 0.0013434428623122895
43.080318172294184 0.11710060549728946 0.0013475678838380518
43.08252110523936 0.1173376407303869 0.0013517606349167976
43.084724038184525 0.11757541759550545 0.0013560270964863722
43.0869269711297 0.11781387657348366 0.001360373286338084
43.08912990407487 0.1180529584064733 0.0013648052563135676
43.09133283702004 0.11829260412096713 0.0013693290892212793
43.093535769965214 0.11853275505122417 0.0013739508954800296
43.09573870291038 0.11877335286300918 0.0013786768094979532
43.097941635855555 0.1190143395775534 0.0013835129857969514
43.10014456880073 0.11925565759556313 0.0013884655948929153
43.102347501745896 0.11949724972110426 0.0013935408189439773
43.10455043469107 0.11973905918513045 0.001398744847179647
43.106753367636244 0.11998102967519912 0.0014040838707313399
43.10895630058141 0.12022311545497155 0.00140956349605205
43.111159233526585 0.12046530181497081 0.0014151875700509733
43.11336216647175 0.12070758058219032 0.0014209595953820165
43.115565099416926 0.1209499443457409 0.0014268830569585682
43.1177680323621 0.12119238632785961 0.0014329614216239974
43.11997096530727 0.1214349002527052 0.0014391981375253577
43.12217389825244 0.12167748021324415 0.0014455966331905806
43.12437683119761 0.12192011891058788 0.0014521603116681386
43.12657976414278 0.12216279883020344 0.0014588926089329876
43.128782697087956 0.1224054998338752 0.0014657970262615186
43.13098563003312 0.12264820240724304 0.0014728770542472654
43.1331885629783 0.1228908875743286 0.0014801361690981818
43.13539149592347 0.12313353689281832 0.00148757783165783
43.13759442886864 0.12337613243951578 0.0014952054860387742
43.13979736181381 0.12361865678671677 0.0015030225578927868
43.14200029475898 0.1238610929702344 0.0015110324523429145
43.14420322770415 0.12410342444980588 0.0015192385516036794
43.14640616064933 0.12434563506253991 0.001527644212314483
43.148609093594494 0.12458770897007855 0.0015362527626126875
43.15081202653967 0.12482963060008877 0.0015450674989718213
43.153014959484835 0.12507138458266728 0.0015540916828300057
43.15521789243001 0.12531295568223608 0.001563328537034239
43.15742082537518 0.12555432872543007 0.0015727812421240336
43.15962375832035 0.12579548852548614 0.0015824529324787347
43.161826691265524 0.1260364198035808 0.0015923466923509972
43.1640296242107 0.12627710710753098 0.001602465551807927
43.166232557155865 0.1265175332825412 0.001612812215891554
43.16843549010104 0.12675765606971573 0.0016233847728659419
43.170638423046206 0.12699741193800723 0.0016341774613740907
43.17284135599138 0.1272367362130115 0.0016451844030913375
43.175044288936554 0.1274755637774589 0.0016563997299202113
43.17724722188172 0.12771382912209475 0.0016678175912516276
43.179450154826895 0.12795146639006516 0.001679432160305618
43.18165308777206 0.12818840941461235 0.0016912376395689392
43.183856020717236 0.12842459174996157 0.0017032282653521168
43.18605895366241 0.1286599466952791 0.0017153983114898165
43.18826188660758 0.12889440731167284 0.0017277420922134905
43.19046481955275 0.12912790643221703 0.0017402539642264558
43.192667752497925 0.1293603766650251 0.0017529283280136902
43.19487068544309 0.12959175038945292 0.0017657596284214585
43.197073618388266 0.1298219597455259 0.0017787423545422012
43.19927655133343 0.13005093661671602 0.001791871038941071
43.20147948427861 0.13027861260625062 0.001805140256262747
43.20368241722378 0.13050491900711778 0.0018185446212552654
43.20588535016895 0.13072978676599867 0.0018320787862501691
43.20808828311412 0.13095314644135242 0.0018457374381367526
43.21029121605929 0.13117492815589485 0.0018595152948679232
43.21249414900446 0.13139506154375719 0.0018734071015363387
43.21469708194964 0.1316134756925794 0.00188740762605646
43.216900014894804 0.13183009908084747 0.0019015116544898872
43.21910294783998 0.13204486001388324 0.0019157140425530783
43.221305880785145 0.13225768943045907 0.0019300100313130693
43.22350881373032 0.13246851890063693 0.0019443950200507387
43.22571174667549 0.13267727918661357 0.001958864406951553
43.22791467962066 0.1328839001529729 0.0019734135827510213
43.230117612565834 0.13308831067732127 0.00198803792465106
43.23232054551101 0.13329043855752185 0.002002732790073154
43.234523478456175 0.13349021041586695 0.0020174935102772896
43.23672641140135 0.1336875643749464 0.002032315539362453
43.238929344346516 0.13388253226499114 0.002047195288994641
43.24113227729169 0.13407518872585567 0.002062129569124946
43.243335210236864 0.13426560938674864 0.002077115242960267
43.24553814318203 0.1344538708312255 0.0020921492296687343
43.247741076127205 0.1346400507441029 0.0021072285059226966
43.24994400907237 0.13482422803999852 0.002122350106643143
43.252146942017546 0.13500648297389187 0.0021375111249452307
43.25434987496272 0.13518689723397523 0.0021527087112805056
43.25655280790789 0.13536555401702133 0.002167940071773176
43.25875574085306 0.13554253808640873 0.0021832024657456573
43.260958673798235 0.13571793581289512 0.002198493202428617
43.2631616067434 0.13589183519820366 0.0022138096368524754
43.265364539688576 0.13606432588144105 0.002229149164916719
43.26756747263374 0.1362354991283467 0.0022445092176344612
43.26977040557892 0.13640544780338087 0.002259887254552823
43.27197333852409 0.1365742663246272 0.0022752807563486853
43.27417627146926 0.13674205060152247 0.00229068721660411
43.27637920441443 0.13690889795542147 0.0023061041327661846
43.2785821373596 0.13707490702302702 0.002321528996298488
43.28078507030477 0.13724017764276136 0.002336959282035734
43.28298800324995 0.13740482534971324 0.0023523940510723857
43.285190936195114 0.13756902567617127 0.00236783886872787
43.28739386914029 0.13773296963536688 0.0023833009384390037
43.289596802085455 0.13789684869649432 0.0023987874547854605
43.29179973503063 0.13806085475729823 0.0024143056061844627
43.2940026679758 0.13822518010513143 0.002429862576753057
43.29620560092097 0.1383900173671968 0.0024454655474081526
43.298408533866144 0.13855555945069764 0.002461121696270879
43.30061146681132 0.13872199947365207 0.002476838198439979
43.302814399756485 0.13888953068716584 0.002492622225198419
43.30501733270166 0.1390583463899723 0.00250848094271416
43.307220265646826 0.13922863983606845 0.0025244215102940147
43.309423198592 0.13940060413631414 0.0025404510782492938
43.311626131537174 0.13957443215485207 0.0025565767854270373
43.31382906448234 0.1397503164012444 0.0025728057564612444
43.316031997427515 0.13992844891921402 0.0025891450987943596
43.31823493037268 0.14010902117288174 0.0026056018995168667
43.320437863317856 0.14029222393140858 0.002622183222072021
43.32264079626303 0.14047824715291526 0.0026388961028671934
43.3248437292082 0.1406672798685707 0.0026557475478333186
43.32704666215337 0.14085951006770442 0.002672744528969143
43.329249595098545 0.14105512367171985 0.002689894057647864
43.33145252804371 0.14125428980889226 0.0027072044124148956
43.333655460988886 0.1414571633093919 0.0027246849281032906
43.33585839393405 0.14166389723857653 0.0027423449364273335
43.33806132687923 0.14187464320606136 0.00276019373120719
43.3402642598244 0.14208955128211082 0.002778240567362229
43.34246719276957 0.1423087699230528 0.0027964946600160475
43.34467012571474 0.14253244590609032 0.0028149651837207205
43.34687305865991 0.14276072427382663 0.0028336612718043008
43.34907599160508 0.1429937127612967 0.0028525912871774405
43.35127892455026 0.14323131222272856 0.0028717595525140083
43.353481857495424 0.1434733503803934 0.002891169085534212
43.3556847904406 0.14371965667008788 0.0029108230156234777
43.35788772338577 0.1439700626263621 0.002930724596437989
43.36009065633094 0.14422440211837903 0.002950877215228985
43.36229358927611 0.14448251154566086 0.002971284400249424
43.36449652222128 0.14474422999494302 0.0029919498263195543
43.366699455166454 0.14500939935955176 0.0030128773186370735
43.36890238811163 0.14527786442280635 0.003034070854919259
43.371105321056795 0.14554947290710119 0.0030555345659719424
43.37330825400197 0.1458240754903714 0.003077272734780488
43.375511186947136 0.14610152579170355 0.003099289794219257
43.37771411989231 0.1463816803279163 0.003121590323478896
43.379917052837484 0.14666439844290594 0.0031441790433063884
43.38211998578265 0.14694954221159806 0.003167060810155349
43.384322918727825 0.14723697632029992 0.0031902406093395957
43.386525851673 0.14752656792522134 0.0032137235472804904
43.388728784618166 0.14781818649091652 0.0032375148429375044
43.39093171756334 0.14811170361032788 0.00326161981850612
43.39313465050851 0.14840699280805583 0.0032860438894633604
43.39533758345368 0.14870392932844992 0.0033107925540400455
43.397540516398855 0.14900238819434775 0.003335871396941048
43.39974344934402 0.1493021878822418 0.0033612865607064945
43.401946382289196 0.14960307730008135 0.00338704484650977
43.40414931523436 0.14990480136782305 0.0034131531368387586
43.40635224817954 0.15020710504048668 0.0034396183455257536
43.40855518112471 0.1505097330952175 0.003466447403845011
43.41075811406988 0.15081242991547048 0.003493647246390206
43.41296104701505 0.1511149392730664 0.0035212247967823522
43.41516397996023 0.1514170041088176 0.0035491869532550025
43.41736691290539 0.151718366312396 0.003577540574162309
43.41956984585057 0.1520187665020414 0.0036062924634497773
43.421772778795734 0.1523179438046574 0.003635449356124022
43.42397571174091 0.15261563563683342 0.0036650179037580333
43.42617864468608 0.15291157748723233 0.0036950046600603774
43.42838157763125 0.15320550270079591 0.0037254160665391037
43.43058451057642 0.15349714226514838 0.0037562584382853093
43.43278744352159 0.15378622459953803 0.0037875379498987075
43.434990376466764 0.15407247534665916 0.0038192606215788037
43.43719330941194 0.154355617167608 0.0038514323053976435
43.439396242357105 0.15463536999655156 0.0038840586468071726
43.44159917530228 0.15491148442513958 0.003917143233035425
43.44380210824745 0.15518376398206 0.003950686346523031
43.44600504119262 0.15545201282217447 0.003984687805641372
43.448207974137794 0.1557160300803076 0.004019147257032814
43.45041090708296 0.15597560972250582 0.0040540641679660165
43.452613840028135 0.1562305404162878 0.004089437818287434
43.45481677297331 0.156480605418578 0.004125267292023052
43.457019705918476 0.15672558248007637 0.004161551468690107
43.45922263886365 0.15696524376481677 0.004198289014373755
43.46142557180882 0.1571994357715301 0.004235480536370543
43.46362850475399 0.157428357401872 0.004273136293471379
43.465831437699165 0.15765230644120562 0.004311269306233437
43.46803437064433 0.15787158099704487 0.00434989260221908
43.470237303589506 0.15808648025739286 0.004389019235725922
43.47244023653467 0.15829730521609478 0.00442866230622708
43.47464316947985 0.15850435935564017 0.004468834975243796
43.47684610242502 0.15870794928797727 0.004509550481708853
43.47904903537019 0.15890838535385374 0.004550822155876219
43.48125196831536 0.15910598218111557 0.004592663431819073
43.48345490126054 0.1593010592023586 0.004635087858550572
43.4856578342057 0.1594939411323237 0.004678109109798356
43.48786076715088 0.15968495840540964 0.004721740992454327
43.490063700096044 0.15987444757369035 0.00476599745371594
43.49226663304122 0.1600627516658724 0.004810892586936027
43.49446956598639 0.16025022050763577 0.004856440636187236
43.49667249893156 0.16043721100388447 0.00490265599955248
43.49887543187673 0.16062408738347195 0.004949553231146247
43.5010783648219 0.16081122140703366 0.004997147041870611
43.503281297767074 0.16099899253865374 0.005045452298914886
43.50548423071225 0.16118778808213757 0.005094484024000063
43.507687163657415 0.16137800328277632 0.005144257390378548
43.50989009660259 0.16157004139555262 0.005194787718596069
43.51209302954776 0.16176431372082198 0.005246090471024679
43.51429596249293 0.16196125004401607 0.005298178477700499
43.516498895438104 0.16216135332826165 0.005351047599189289
43.51870182838327 0.16236515990419978 0.005404687628686668
43.520904761328445 0.16257321410716835 0.0054590889490843085
43.52310769427362 0.16278606760704808 0.0055142425321177855
43.525310627218786 0.1630042787632993 0.005570139917578293
43.52751356016396 0.163228411957559 0.005626773186863733
43.52971649310913 0.16345903690747507 0.005684134931364726
43.5319194260543 0.16369672796521917 0.00574221821617774
43.534122358999475 0.1639420634038262 0.005801016539615414
43.53632529194464 0.16419562469430452 0.0058605237889801055
43.538528224889816 0.1644579957762011 0.005920734193044546
43.54073115783498 0.16472976232408176 0.0059816422716662
43.54293409078016 0.16501151101220057 0.006043242782950488
43.54513702372533 0.16530382877938896 0.006105530668348374
43.5473399566705 0.16560730209604807 0.006168500996064734
43.54954288961567 0.1659225162323062 0.006232148903288513
43.55174582256085 0.16625000897121778 0.006296472342834541
43.55394875550601 0.166590152079275 0.006361479247122617
43.55615168845119 0.16694327334222137 0.0064271798627229156
43.558354621396354 0.16730969101793108 0.006493584524666472
43.56055755434153 0.16768971290992737 0.006560703616998801
43.5627604872867 0.1680836355099228 0.006628547530396258
43.56496342023187 0.16849174320808272 0.006697126617145162
43.56716635317704 0.1689143075697422 0.0067664511437338795
43.56936928612221 0.16935158667732672 0.006836531241270168
43.571572219067384 0.1698038244822218 0.006907376853606185
43.57377515201256 0.17027103023840617 0.006978996825635445
43.575978084957725 0.17075245790517446 0.007051396945783919
43.5781810179029 0.17124719134578453 0.007124582093955885
43.58038395084807 0.17175430175870088 0.007198556743137747
43.58258688379324 0.17227284859392802 0.00727332490570855
43.584789816738414 0.17280188048522535 0.007348890078207179
43.58699274968358 0.17334043619556108 0.007425255184609584
43.589195682628755 0.17388754557354882 0.007502422518174982
43.59139861557393 0.1744422305188145 0.007580393681905691
43.593601548519096 0.17500350595461134 0.007659169527679854
43.59580448146427 0.17557038080619278 0.007738750094110524
43.59800741440944 0.17614185898367882 0.00781913454318851
43.60021034735461 0.17671694036842486 0.007900321095780772
43.602413280299785 0.1772946218019896 0.007982306966048215
43.60461621324495 0.17787389807706916 0.008065088294867665
43.606819146190126 0.17845376292985488 0.008148660082341164
43.6090220791353 0.17903321003341027 0.008233016119483004
43.61122501208047 0.1796112339918386 0.008318148919189543
43.61342794502564 0.1801868313350727 0.008404049646596468
43.61563087797081 0.18075900151421748 0.008490708048934235
43.61783381091598 0.1813267478975301 0.008578112385007608
43.62003674386116 0.18188907876710214 0.00866624935441486
43.62223967680632 0.18244500831648236 0.008755104026641045
43.6244426097515 0.18299355764947894 0.008844659770152625
43.626645542696664 0.1835337557804419 0.008934898181621685
43.62884847564184 0.18406464103076262 0.009025799506993474
43.63105140858701 0.1845852981495661 0.009117386029397281
43.63325434153218 0.18509489543350696 0.009209757649036568
43.63545727447735 0.18559263469573825 0.009303023831242622
43.63766020742253 0.1860777445045333 0.009397296015372663
43.639863140367694 0.18654947930988533 0.009492687876212104
43.64206607331287 0.18700711835575573 0.009589315549808484
43.644269006258035 0.18744996437619008 0.009687297824106865
43.64647193920321 0.187877342075131 0.009786756294622759
43.64867487214838 0.18828859639141146 0.009887815485286108
43.65087780509355 0.18868309055236981 0.009990602934575708
43.653080738038724 0.18906020392148226 0.010095249247070703
43.65528367098389 0.18941932964749827 0.01020188811060828
43.657486603929065 0.18975987212475207 0.010310656279351656
43.65968953687424 0.19008124427641562 0.010421693523192329
43.661892469819406 0.19038288736485928 0.01053514000981669
43.66409540276458 0.19066442553404592 0.010651118687923481
43.666298335709754 0.19092556585164636 0.010769746193582199
43.66850126865492 0.19116600798238656 0.010891142414097508
43.670704201600095 0.1913854401017676 0.0110154303092637
43.67290713454526 0.19158353543414 0.011142735624702605
43.67511006749044 0.19175994888257536 0.011273186562739948
43.67731300043561 0.19191431376423868 0.011406913415302176
43.67951593338078 0.19204623866568404 0.011544048163471769
43.68171886632595 0.19215530443296347 0.011684724048416441
43.68392179927112 0.19224106247101644 0.011829075124125283
43.68612473221629 0.19230348659605545 0.011977234085201039
43.68832766516147 0.19234367679833977 0.012129327464588087
43.69053059810663 0.19236288314427785 0.012285480528202062
43.69273353105181 0.1923623244005695 0.012445818142836119
43.69493646399698 0.19234318990237692 0.012610464236797556
43.69713939694215 0.19230664167850192 0.012779541261730837
43.69934232988732 0.1922538168143345 0.012953169660471239
43.70154526283249 0.19218583003022702 0.01313146734538335
43.70374819577766 0.1921037764502159 0.013314549191248502
43.70595112872284 0.1920087345337278 0.01350252654630737
43.708154061668004 0.19190176914104132 0.013695506764656251
43.71035699461318 0.1917839347018896 0.013893592762730762
43.712559927558345 0.1916562784556554 0.014096882602162549
43.71476286050352 0.19151984373112543 0.014305469100873748
43.71696579344869 0.19137567323375884 0.01451943947380355
43.71916872639386 0.19122481230880944 0.014738875004274047
43.721371659339034 0.19106831214946385 0.014963850746574555
43.7235745922842 0.19090723292033918 0.015194435259956906
43.725777525229375 0.1907426467681978 0.015430690373898595
43.72798045817455 0.19057564069358848 0.015672670984116153
43.730183391119716 0.1904073192591844 0.01592042487854561
43.73238632406489 0.19023880711291333 0.016173992592206986
43.734589257010065 0.19007125130644667 0.01643340728962631
43.73679218995523 0.18990582339220358 0.01669869467330093
43.738995122900405 0.18974372128471736 0.016969872916495717
43.74119805584557 0.18958617087492943 0.017246952618511575
43.74340098879075 0.18943442738866695 0.017529936780486137
43.74560392173592 0.18928977570751257 0.017818805092725983
43.74780685468109 0.1891535290304673 0.01811337654966761
43.75000978762626 0.18902704536969708 0.018413382610491382
43.75221272057143 0.1889117325927413 0.018718557032360167
43.7544156535166 0.1888090445949421 0.01902863749330037
43.75661858646178 0.18872047713712886 0.019343366034530837
43.75882151940694 0.18864756349347978 0.0196624893758572
43.76102445235212 0.18859186997197414 0.019985759117683747
43.76322738529729 0.1885549913622315 0.02031293184271081
43.76543031824246 0.1885385463582852 0.020643769129768397
43.76763325118763 0.1885441729970564 0.02097803749145065
43.7698361841328 0.188573524147006 0.02131550824638038
43.77203911707797 0.18862826022363746 0.021655960343390252
43.77424205002315 0.18870998675662887 0.0219992436048633
43.776444982968314 0.18882025678681635 0.02234528122070522
43.77864791591349 0.18896062745158024 0.02269401105406007
43.780850848858655 0.18913266028561704 0.023045383112635865
43.78305378180383 0.189337919403994 0.023399359478948036
43.785256714749 0.18957797005490507 0.023755914145045454
43.78745964769417 0.18985437753041481 0.02411503275657671
43.789662580639344 0.19016870641942996 0.02447671227017846
43.79186551358451 0.19052252018331112 0.02484096052755168
43.794068446529685 0.19091738103100317 0.02520779574922415
43.79627137947486 0.1913548435484684 0.025577246571886366
43.798474312420026 0.19183570548644244 0.025949450848233985
43.8006772453652 0.1923592878023493 0.026324769526511263
43.802880178310375 0.19292470831335032 0.026703606320570818
43.80508311125554 0.1935310477502796 0.027086380339285888
43.807286044200715 0.19417735020184274 0.027473525006362142
43.80948897714588 0.19486262376660962 0.027865486841084638
43.81169191009106 0.19558584136013163 0.02826272411102069
43.81389484303623 0.19634594163153102 0.028665705366929962
43.8160977759814 0.19714182995115564 0.029074907869746903
43.81830070892657 0.19797237943787444 0.029490815919212744
43.82050364187174 0.19883643200143586 0.02991391909366285
43.82270657481691 0.19973279938199126 0.03034471041059522
43.82490950776209 0.2006602641749256 0.03078368441775495
43.82711244070725 0.20161758083500292 0.031231335224804545
43.82931537365243 0.20260347665888748 0.03168815448591212
43.8315183065976 0.20361665274961108 0.03215462934391529
43.83372123954277 0.2046557849704602 0.03263124034707319
43.83592417248794 0.20571952489876075 0.03311845934965722
43.83812710543311 0.20680650079236337 0.03361674740784075
43.84033003837828 0.20791531858333537 0.0341265526825305
43.84253297132346 0.20904456291403004 0.03464830836071967
43.844735904268624 0.21019279823105685 0.03518243060693364
43.8469388372138 0.2113585699520873 0.035729316556058835
43.849141770158965 0.21254040571939692 0.03628934235848096
43.85134470310414 0.2137368167526688 0.03686286128802276
43.85354763604931 0.214946299311484 0.037450201922442736
43.85575056899448 0.21616733627594817 0.038051666405597324
43.857953501939654 0.21739839885138906 0.038667528799436746
43.86015643488483 0.21863794839584855 0.03929803381422598
43.862359367829995 0.21988443825599716 0.03994354197564944
43.86456230077517 0.22113633064878244 0.040604775768719716
43.866765233720336 0.22239211822947907 0.041282506981686375
43.86896816666551 0.22365032682774524 0.041977497726014563
43.871171099610685 0.2249095160959244 0.04269050336491723
43.87337403255585 0.226168280082982 0.043422275331525505
43.875576965501025 0.2274252476972517 0.044173563834371384
43.87777989844619 0.22867908302307516 0.04494512044452993
43.87998283139137 0.22992848545926398 0.04573770055633327
43.88218576433654 0.23117218965052716 0.04655206571166746
43.88438869728171 0.23240896518731877 0.047388985776926504
43.88659163022688 0.23363761605405814 0.04824924096118819
43.888794563172056 0.234856979810752 0.049133623664337156
43.89099749611722 0.23606592649852348 0.05004294014462335
43.8932004290624 0.23726335726498274 0.050978011996223316
43.89540336200756 0.2384482027109308 0.051939677428902445
43.89760629495274 0.23961942096547306 0.05292879234383975
43.89980922789791 0.24077599550161627 0.05394623120160967
43.90201216084308 0.2419169327094846 0.05499288768074822
43.90421509378825 0.24304125924854356 0.05606967512758267
43.90641802673342 0.2441480192040587 0.05717752680037565
43.90862095967859 0.2452362710763611 0.05831739591328927
43.91082389262377 0.24630508463383646 0.05949025548771114
43.913026825568934 0.2473535376626015 0.060697098020741885
43.91522975851411 0.24838071264684253 0.06193893498238494
43.91743269145928 0.24938569341423825 0.0632167961545943
43.91963562440445 0.2503675617807504 0.06453172882679448
43.92183855734962 0.25132539422811034 0.06588479686344839
43.92404149029479 0.25225825864590196 0.06727707966000483
43.926244423239964 0.25316521116831164 0.06870967100418313
43.92844735618514 0.25404529313307633 0.07018367785949747
43.930650289130305 0.2548975281876118 0.07170021908807396
43.93285322207548 0.2557209195642044 0.07326042412931753
43.935056155020646 0.25651444754297875 0.07486543165040013
43.93725908796582 0.25727706711816223 0.07651638818394374
43.939462020910995 0.25800770587969946 0.07821444676704865
43.94166495385616 0.25870526211912864 0.07996076559500996
43.943867886801335 0.2593686031653541 0.08175650670169801
43.94607081974651 0.2599965639529127 0.08360283467730274
43.94827375269168 0.26058794582255007 0.08550091543298442
43.95047668563685 0.2611415155512389 0.0874519150204921
43.95267961858202 0.26165600460641564 0.08945699851346732
43.95488255152719 0.26213010861719105 0.0915173289560786
43.957085484472366 0.262562487053378 0.09363406638303874
43.95928841741753 0.26295176310177 0.09580836691422565
43.96149135036271 0.263296523727798 0.09804138192580286
43.96369428330787 0.2635953199097505 0.10033425729870765
43.96589721625305 0.263846667032077 0.10268813274470334
43.96810014919822 0.26404904542378377 0.10510414120897704
43.97030308214339 0.2642009010277551 0.1075834083479352
43.97250601508856 0.26430064618677074 0.11012705207997625
43.97470894803374 0.264346660532152 0.11273618220648444
43.9769118809789 0.26433729196128763 0.1154119001000742
43.97911481392408 0.2642708576907168 0.11815529845655877
43.981317746869244 0.26414564537201124 0.12096746110682795
43.98352067981442 0.2639599142583298 0.12384946288494283
43.98572361275959 0.2637118964102439 0.12680236954815144
43.98792654570476 0.26339979793017476 0.12982723774495925
43.99012947864993 0.2630218002155898 0.13292511502707696
43.9923324115951 0.26257606122192734 0.1360970399010927
43.994535344540274 0.2710326985659134 0.16876632744181544
43.99673827748545 0.27009490315980017 0.1728038372529298
43.998941210430615 0.26906305047452694 0.17693816927061287
44.00114414337579 0.26793458963659195 0.18117063863197175
44.003347076320956 0.2667069429482716 0.18550255002898927
44.00555000926613 0.26537750768214025 0.18993519795943314
44.007752942211305 0.2639436578236553 0.1944698669952533
44.00995587515647 0.26240274575776024 0.19910783206572247
44.012158808101645 0.2607521038963751 0.20385035875233196
44.01436174104681 0.25898904624440533 0.20869870359266374
44.01656467399199 0.25711086990236826 0.21365411439122253
44.01876760693716 0.25511485650462323 0.21871783053459368
44.02097053988233 0.236232407112998 0.4034348907393906
44.0231734728275 0.23614521492745078 0.413493639769432
44.025376405772676 0.2360366559126378 0.4237994524322012
44.02757933871784 0.2359063691038816 0.4343557735342212
44.02978227166302 0.23575399353650345 0.4451660478821175
44.03198520460818 0.23557916824582656 0.45623372028237796
44.03418813755336 0.2353815322671718 0.4675622355416309
44.03639107049853 0.23516072463586196 0.47915503846639895
44.0385940034437 0.23491638438721996 0.49101557386320055
44.04079693638887 0.23464815055656624 0.5031472865386698
44.04299986933404 0.23435566217922488 0.5155536212992857
44.04520280227921 0.23403855829051595 0.5282380229516858
44.04740573522439 0.23369647792576256 0.5412039363023878
44.049608668169554 0.23332906012028806 0.5544548061579062
44.05181160111473 0.2329359439094122 0.5679940773248836
44.0540145340599 0.23251676832845825 0.5818251946098353
44.05621746700507 0.23207117241274988 0.5959516028192726
44.05842039995024 0.2315987951976063 0.610376746759844
44.06062333289541 0.23109927571835268 0.625104071238014
44.062826265840584 0.23057225301030795 0.6401370210604349
44.06502919878576 0.23001736610879583 0.6554790410336172
44.067232131730925 0.22943425404914033 0.6711335759640672
44.0694350646761 0.2288225558666599 0.6871040706584435
44.071637997621266 0.22818191059668055 0.7033939699232001
44.07384093056644 0.22751195727452034 0.720006718565
44.076043863511615 0.22681233493550335 0.7369457613903483
44.07824679645678 0.2260826826149541 0.754214543205746
44.080449729401955 0.22532263934819016 0.7718165088178623
44.08265266234713 0.22453184417053587 0.7897551030331993
44.0848555952923 0.2237099361173161 0.8080337706582549
44.08705852823747 0.22285655422384754 0.8266559564997044
44.08926146118264 0.22197133752545803 0.8456251053639852
44.09146439412781 0.22105392505746385 0.8649446620577766
