logL Corr CorrErr
41.5261157783774 nan inf
41.528177972413005 nan inf
41.53024016644861 nan inf
41.53230236048421 nan inf
41.534364554519804 nan inf
41.53642674855541 nan inf
41.53848894259101 nan inf
41.54055113662661 nan inf
41.54261333066221 nan inf
41.544675524697816 nan inf
41.54673771873342 nan inf
41.54879991276901 nan inf
41.550862106804615 nan inf
41.55292430084022 nan inf
41.55498649487582 nan inf
41.55704868891142 nan inf
41.559110882947024 nan inf
41.56117307698263 nan inf
41.56323527101823 nan inf
41.565297465053824 nan inf
41.567359659089426 nan inf
41.56942185312503 nan inf
41.57148404716063 nan inf
41.57354624119623 nan inf
41.575608435231835 nan inf
41.57767062926744 nan inf
41.57973282330303 nan inf
41.581795017338635 nan inf
41.58385721137424 nan inf
41.58591940540984 nan inf
41.58798159944544 nan inf
41.590043793481044 nan inf
41.592105987516646 nan inf
41.59416818155224 nan inf
41.596230375587844 nan inf
41.598292569623446 nan inf
41.60035476365905 nan inf
41.60241695769465 nan inf
41.60447915173025 nan inf
41.606541345765855 nan inf
41.60860353980145 nan inf
41.61066573383705 nan inf
41.612727927872655 nan inf
41.61479012190826 nan inf
41.61685231594386 nan inf
41.61891450997946 nan inf
41.620976704015064 nan inf
41.623038898050666 nan inf
41.62510109208626 nan inf
41.62716328612186 nan inf
41.629225480157466 nan inf
41.63128767419307 nan inf
41.63334986822867 nan inf
41.63541206226427 nan inf
41.637474256299875 nan inf
41.63953645033547 nan inf
41.64159864437107 nan inf
41.643660838406674 nan inf
41.64572303244228 nan inf
41.64778522647788 nan inf
41.64984742051348 nan inf
41.65190961454908 nan inf
41.65397180858468 nan inf
41.65603400262028 nan inf
41.65809619665588 nan inf
41.660158390691485 nan inf
41.66222058472709 nan inf
41.66428277876269 nan inf
41.66634497279829 nan inf
41.66840716683389 nan inf
41.67046936086949 nan inf
41.67253155490509 nan inf
41.674593748940694 nan inf
41.676655942976296 nan inf
41.6787181370119 nan inf
41.6807803310475 nan inf
41.6828425250831 nan inf
41.6849047191187 nan inf
41.6869669131543 nan inf
41.6890291071899 nan inf
41.691091301225505 nan inf
41.69315349526111 nan inf
41.69521568929671 nan inf
41.69727788333231 nan inf
41.69934007736791 nan inf
41.70140227140351 nan inf
41.70346446543911 nan inf
41.705526659474714 nan inf
41.707588853510316 nan inf
41.70965104754592 nan inf
41.71171324158152 nan inf
41.713775435617116 nan inf
41.71583762965272 nan inf
41.71789982368832 nan inf
41.71996201772392 nan inf
41.722024211759525 nan inf
41.72408640579513 nan inf
41.72614859983073 nan inf
41.728210793866324 nan inf
41.73027298790193 nan inf
41.73233518193753 nan inf
41.73439737597313 nan inf
41.73645957000873 nan inf
41.738521764044336 nan inf
41.74058395807994 nan inf
41.74264615211554 nan inf
41.744708346151135 nan inf
41.74677054018674 nan inf
41.74883273422234 nan inf
41.75089492825794 nan inf
41.752957122293545 nan inf
41.75501931632915 nan inf
41.75708151036475 nan inf
41.759143704400344 nan inf
41.761205898435946 nan inf
41.76326809247155 nan inf
41.76533028650715 nan inf
41.76739248054275 nan inf
41.769454674578355 nan inf
41.77151686861396 nan inf
41.77357906264955 nan inf
41.775641256685155 nan inf
41.77770345072076 nan inf
41.77976564475636 nan inf
41.78182783879196 nan inf
41.783890032827564 nan inf
41.78595222686317 nan inf
41.78801442089876 nan inf
41.790076614934364 nan inf
41.792138808969966 nan inf
41.79420100300557 nan inf
41.79626319704117 nan inf
41.79832539107677 nan inf
41.800387585112375 nan inf
41.80244977914798 nan inf
41.80451197318357 nan inf
41.806574167219175 nan inf
41.80863636125478 nan inf
41.81069855529038 nan inf
41.81276074932598 nan inf
41.814822943361584 nan inf
41.816885137397186 nan inf
41.81894733143278 nan inf
41.821009525468384 nan inf
41.823071719503986 nan inf
41.82513391353959 nan inf
41.82719610757519 nan inf
41.82925830161079 nan inf
41.831320495646395 nan inf
41.83338268968199 nan inf
41.83544488371759 nan inf
41.837507077753195 nan inf
41.8395692717888 nan inf
41.8416314658244 nan inf
41.84369365986 nan inf
41.845755853895604 nan inf
41.8478180479312 nan inf
41.8498802419668 nan inf
41.8519424360024 nan inf
41.854004630038006 nan inf
41.85606682407361 nan inf
41.85812901810921 nan inf
41.86019121214481 nan inf
41.862253406180415 nan inf
41.86431560021601 nan inf
41.86637779425161 nan inf
41.868439988287214 nan inf
41.87050218232282 nan inf
41.87256437635842 nan inf
41.87462657039402 nan inf
41.87668876442962 nan inf
41.87875095846522 nan inf
41.88081315250082 nan inf
41.88287534653642 nan inf
41.884937540572025 nan inf
41.88699973460763 nan inf
41.88906192864323 nan inf
41.89112412267883 nan inf
41.89318631671443 nan inf
41.89524851075003 nan inf
41.89731070478563 nan inf
41.899372898821234 nan inf
41.901435092856836 nan inf
41.90349728689244 nan inf
41.90555948092804 nan inf
41.907621674963636 nan inf
41.90968386899924 nan inf
41.91174606303484 nan inf
41.91380825707044 nan inf
41.915870451106045 nan inf
41.91793264514165 nan inf
41.91999483917725 nan inf
41.92205703321285 nan inf
41.92411922724845 nan inf
41.92618142128405 nan inf
41.92824361531965 nan inf
41.930305809355254 nan inf
41.932368003390856 nan inf
41.93443019742646 nan inf
41.93649239146206 nan inf
41.938554585497656 nan inf
41.94061677953326 nan inf
41.94267897356886 nan inf
41.94474116760446 nan inf
41.946803361640065 nan inf
41.94886555567567 nan inf
41.95092774971127 nan inf
41.952989943746864 nan inf
41.95505213778247 nan inf
41.95711433181807 nan inf
41.95917652585367 nan inf
41.96123871988927 nan inf
41.963300913924876 nan inf
41.96536310796048 nan inf
41.96742530199607 nan inf
41.969487496031675 nan inf
41.97154969006728 nan inf
41.97361188410288 nan inf
41.97567407813848 nan inf
41.977736272174084 nan inf
41.97979846620969 nan inf
41.98186066024529 nan inf
41.983922854280884 nan inf
41.985985048316486 nan inf
41.98804724235209 nan inf
41.99010943638769 nan inf
41.99217163042329 nan inf
41.994233824458895 nan inf
41.9962960184945 nan inf
41.99835821253009 nan inf
42.000420406565695 nan inf
42.0024826006013 nan inf
42.0045447946369 nan inf
42.0066069886725 nan inf
42.008669182708104 nan inf
42.010731376743706 nan inf
42.0127935707793 nan inf
42.014855764814904 nan inf
42.016917958850506 nan inf
42.01898015288611 nan inf
42.02104234692171 nan inf
42.02310454095731 nan inf
42.025166734992915 nan inf
42.02722892902851 nan inf
42.02929112306411 nan inf
42.031353317099715 nan inf
42.03341551113532 nan inf
42.03547770517092 nan inf
42.03753989920652 nan inf
42.039602093242124 nan inf
42.041664287277726 nan inf
42.04372648131332 nan inf
42.04578867534892 nan inf
42.047850869384526 nan inf
42.04991306342013 nan inf
42.05197525745573 nan inf
42.05403745149133 nan inf
42.056099645526935 nan inf
42.05816183956253 nan inf
42.06022403359813 nan inf
42.062286227633734 nan inf
42.06434842166934 -0.11432419673698738 0.00392837513722949
42.06641061570494 -0.1133480446967867 0.003936581243462627
42.06847280974054 -0.11234866576481953 0.003943801796724171
42.07053500377614 -0.11132647576268057 0.0039500546650323995
42.07259719781174 -0.11028189051196818 0.003955357716405577
42.07465939184734 -0.10921532583426988 0.003959728818862018
42.07672158588294 -0.10812719755118394 0.00396318584041998
42.078783779918545 -0.1070179214843051 0.003965746649097746
42.08084597395415 -0.105887913455228 0.00396742911291359
42.08290816798975 -0.10473758928554742 0.003968251099885791
42.08497036202535 -0.10356736479685807 0.0039682304780326305
42.08703255606095 -0.10237765581075885 0.003967385115372392
42.08909475009655 -0.10116887814883613 0.003965732879923346
42.09115694413215 -0.09994144763268878 0.003963291639703771
42.093219138167754 -0.09869578008391156 0.003960079262731951
42.095281332203356 -0.09743229132409911 0.003956113617026161
42.09734352623896 -0.09615139717484614 0.003951412570604681
42.09940572027456 -0.09485351345774745 0.00394599399148579
42.10146791431016 -0.09353905599439766 0.0039398757476877665
42.10353010834576 -0.09220844060639613 0.003933075707228913
42.10559230238136 -0.09086208311532844 0.003925611738127462
42.10765449641696 -0.08950039934279382 0.003917501708401715
42.109716690452565 -0.08812380511038702 0.003908763486069951
42.11177888448817 -0.0867327162397027 0.0038994149391504466
42.11384107852377 -0.08532754855233564 0.0038894739356614833
42.11590327255937 -0.08390871786988052 0.003878958343621338
42.11796546659497 -0.08247664001393701 0.0038678860310483298
42.12002766063057 -0.08103173080608997 0.003856274865960661
42.12208985466617 -0.079574406067939 0.0038441427163766464
42.124152048701774 -0.07810508162107885 0.0038315074503145648
42.126214242737376 -0.07662417328710419 0.003818386935792696
42.12827643677298 -0.07513209688760979 0.0038047990408293193
42.13033863080858 -0.07362926824419035 0.003790761633442711
42.132400824844176 -0.07211610317844579 0.0037762925816512043
42.13446301887978 -0.0705930175119604 0.003761409753472974
42.13652521291538 -0.0690604270663341 0.0037461310169263494
42.13858740695098 -0.06751874766316161 0.0037304742400296118
42.140649600986585 -0.06596839512403765 0.003714457290801037
42.14271179502219 -0.06440978527055694 0.003698098037258905
42.14477398905779 -0.0628433339243142 0.003681414347421494
42.146836183093384 -0.061269456906909506 0.0036644240893071414
42.14889837712899 -0.0596885700399268 0.0036471451309340107
42.15096057116459 -0.058101089144966186 0.0036295953403204357
42.15302276520019 -0.05650743004362241 0.0036117925854846997
42.15508495923579 -0.054908008557490146 0.0035937547344450766
42.157147153271396 -0.053303240508164124 0.0035754996552198473
42.159209347307 -0.051693541717239055 0.003557045215827292
42.1612715413426 -0.050079328006309674 0.003538409284285687
42.163333735378195 -0.04846101519697624 0.0035196097286133775
42.1653959294138 -0.046839019110822326 0.003500664416828511
42.1674581234494 -0.04521375556944827 0.0034815912169494346
42.169520317485 -0.043585640394448726 0.003462407996994423
42.171582511520604 -0.04195508940741841 0.0034431326249817562
42.17364470555621 -0.04032251842995207 0.003423782968929714
42.17570689959181 -0.038688343283644414 0.003404376896856574
42.177769093627404 -0.037052979790095766 0.003384932276780682
42.179831287663006 -0.03541684377088959 0.003365466976720185
42.18189348169861 -0.03378035104762624 0.0033459988646934247
42.18395567573421 -0.03214391744190044 0.0033265458087186834
42.18601786976981 -0.030507958775306862 0.003307125676814238
42.188080063805415 -0.028872890869440268 0.0032877563369983678
42.19014225784102 -0.027239129545895337 0.0032684556572893514
42.19220445187661 -0.025607090626272436 0.003249241505705534
42.194266645912215 -0.023977189932155002 0.0032301317502650613
42.19632883994782 -0.0223498432851434 0.0032111442589862786
42.19839103398342 -0.020725466506832334 0.0031922968998874647
42.20045322801902 -0.01910447541881652 0.0031736075409868987
42.202515422054624 -0.017487285842690683 0.00315509405030286
42.204577616090226 -0.015874313600049518 0.0031367742958536256
42.20663981012582 -0.014265974512493292 0.0031186661456575377
42.208702004161424 -0.012662684401605626 0.003100787467732749
42.210764198197026 -0.011064859088986788 0.0030831561300976025
42.21282639223263 -0.009472914396231486 0.003065790000770376
42.21488858626823 -0.007887266144934449 0.0030487069477693495
42.21695078030383 -0.00630833015669039 0.0030319248391127993
42.219012974339435 -0.004736522253093999 0.003015461542819006
42.22107516837504 -0.0031722582557400306 0.0029993349269062473
42.22313736241063 -0.0016159539862285156 0.002983562859392857
42.225199556446235 -6.802526614345904e-05 0.0029681632082970057
42.22726175048184 0.0014711120829150447 0.0029531538416370244
42.22932394451744 0.003001042239352292 0.0029385526274311943
42.23138613855304 0.004521349381573565 0.0029243774336977927
42.233448332588644 0.006031617687984145 0.0029106461284550992
42.235510526624246 0.007531431336989313 0.0028973765797213917
42.23757272065984 0.009020374506989254 0.0028845866555149927
42.23963491469544 0.010498031376399519 0.002872294223854094
42.241697108731046 0.01196398612362022 0.0028605171527570175
42.24375930276665 0.013417822927056657 0.0028492733102420424
42.24582149680225 0.014859125965114114 0.002838580564327448
42.24788369083785 0.016287479416197872 0.002828456783031512
42.249945884873455 0.017702467458713227 0.0028189198343725142
42.25200807890905 0.019103674271060644 0.0028099875863687633
42.25407027294465 0.02049068403165508 0.002801677907038476
42.256132466980254 0.021863080918896972 0.0027940086643999627
42.25819466101586 0.023220449111191574 0.0027869977264715013
42.26025685505146 0.024562372786944203 0.002780662961271373
42.26231904908706 0.025888436124560134 0.0027750222368178538
42.26438124312266 0.027198223302444636 0.002770093421129224
42.26644343715826 0.028491318498998608 0.002765894382223776
42.26850563119386 0.02976730589263619 0.0027624429881197583
42.27056782522946 0.03102576966175824 0.0027597571068354674
42.272630019265065 0.03226629398477 0.002757854606389179
42.27469221330067 0.033488463040076785 0.0027567533547991742
42.27675440733627 0.03469186100608386 0.002756471220083731
42.27881660137187 0.03587607206127253 0.0027570260702567484
42.28087879540747 0.03704081331555684 0.002758428112411015
42.28294098944307 0.03818632042097617 0.0027606576697359075
42.28500318347867 0.03931295545049681 0.002763687779703713
42.287065377514274 0.040421080477089005 0.002767491479786718
42.28912757154988 0.041511057573723066 0.0027720418074572116
42.29118976558548 0.042583248813369334 0.0027773118001874846
42.29325195962108 0.04363801626899804 0.002783274495449822
42.29531415365668 0.04467572201357955 0.002789902930716514
42.29737634769228 0.0456967281200806 0.0027971701434598224
42.29943854172788 0.04670139666147859 0.0028050491711520877
42.30150073576348 0.04769008971074026 0.0028135130512655735
42.303562929799085 0.04866316934083589 0.0028225348212725684
42.30562512383469 0.04962099762473577 0.0028320875186453602
42.30768731787029 0.05056393663541024 0.0028421441808562393
42.30974951190589 0.05149234844582956 0.0028526778453774916
42.31181170594149 0.05240659512896092 0.002863661549681369
42.31387389997709 0.053307038757780915 0.0028750683312402355
42.31593609401269 0.05419404140525667 0.002886871227526342
42.317998288048294 0.05506796514435847 0.0028990432760119785
42.320060482083896 0.05592917204805666 0.0029115575141694327
42.3221226761195 0.05677802418932147 0.0029243869794709923
42.3241848701551 0.057614883641123264 0.0029375047093889465
42.326247064190696 0.05844011247642948 0.002950883741395538
42.3283092582263 0.05925407276821611 0.0029644971129631466
42.3303714522619 0.0600571265894506 0.0029783178615640166
42.3324336462975 0.060849636013103246 0.0029923190246704356
42.334495840333105 0.061631963112144326 0.0030064736397546915
42.33655803436871 0.062404469959544163 0.003020754744289074
42.33862022840431 0.06316751862827304 0.003035135375745871
42.340682422439905 0.06392147119129866 0.003049588571597322
42.34274461647551 0.06466668972159656 0.0030640873693158145
42.34480681051111 0.06540353629213443 0.003078604806373588
42.34686900454671 0.06613237297588251 0.0030931139202429302
42.348931198582314 0.06685356184581112 0.00310758774839613
42.350993392617916 0.06756746497489059 0.0031219993283054773
42.35305558665352 0.0682744444360912 0.003136321697443258
42.35511778068912 0.06897486230238324 0.0031505278932817626
42.357179974724716 0.06966908064673465 0.0031645909532932314
42.35924216876032 0.07035746154212048 0.0031784839149500495
42.36130436279592 0.07104036706150865 0.003192179815724457
42.36336655683152 0.07171815927786945 0.003205651693088742
42.365428750867125 0.07239120026417319 0.0032188725845151934
42.36749094490273 0.07305985209339017 0.0032318155274761004
42.36955313893833 0.07372447683849066 0.003244453559443749
42.371615332973924 0.07438543657244272 0.00325675971789039
42.37367752700953 0.07504309336822117 0.003268707040288394
42.37573972104513 0.07569780929879408 0.0032802685641100077
42.37780191508073 0.0763499464371317 0.0032914173268275186
42.37986410911633 0.07699986685620432 0.003302126365913216
42.381926303151936 0.07764793262898227 0.0033123687188393886
42.38398849718754 0.07829450582843585 0.0033221174230783244
42.38605069122313 0.07893994852753314 0.0033313455161022823
42.388112885258735 0.07958458956760642 0.0033400288937220266
42.39017507929434 0.08022843614707471 0.003348171117075848
42.39223727332994 0.0808713150340962 0.003355791266569666
42.39429946736554 0.08151305100168169 0.003362908594217122
42.396361661401144 0.08215346882284204 0.003369542352031858
42.39842385543675 0.08279239327058803 0.0033757117920275147
42.40048604947234 0.0834296491179283 0.0033814361662177143
42.402548243507944 0.08406506113787802 0.0033867347266161394
42.404610437543546 0.08469845410344584 0.0033916267252364104
42.40667263157915 0.08532965278764257 0.0033961314140921687
42.40873482561475 0.08595848196347895 0.0034002680451970554
42.41079701965035 0.08658476640396588 0.003404055870564714
42.412859213685955 0.08720833088211415 0.0034075141422087833
42.41492140772156 0.08782900017093455 0.003410662112142906
42.41698360175715 0.08844659904343576 0.003413519032380715
42.419045795792755 0.08906095227263289 0.003416104154935872
42.42110798982836 0.08967188463153457 0.003418436731822006
42.42317018386396 0.09027922089315167 0.0034205360150527616
42.42523237789956 0.09088278583049492 0.003422421256641776
42.427294571935164 0.0914824042165752 0.0034241117086026953
42.429356765970766 0.09207790082440331 0.0034256266229491586
42.43141896000636 0.09266910042698802 0.0034269852516948043
42.433481154041964 0.09325582779734422 0.003428206846853283
42.435543348077566 0.09383790770848066 0.0034293106604382294
42.43760554211317 0.09441516493340818 0.0034303159444632873
42.43966773614877 0.09498742424513758 0.0034312419509420983
42.44172993018437 0.09555451041667966 0.003432107931888302
42.443792124219975 0.09611624822104524 0.003432933139315542
42.44585431825557 0.09667246243124324 0.0034337368252374575
42.44791651229117 0.09722297782028826 0.0034345382416676932
42.449978706326775 0.09776761916118926 0.0034353566406198893
42.45204090036238 0.09830621122695693 0.003436211274107687
42.45410309439798 0.09883857879060222 0.0034371213941447286
42.45616528843358 0.09936454662513589 0.0034381062527446553
42.458227482469184 0.09988393950356869 0.0034391851019211074
42.46028967650478 0.10039658219890975 0.003440377193687724
42.46235187054038 0.10090229948417342 0.0034417017800581545
42.46441406457598 0.10140091613236868 0.003443178113046036
42.466476258611586 0.10189225691650636 0.00344482544466501
42.46853845264719 0.1023761466095973 0.003446663026928719
42.47060064668279 0.10285240998465231 0.0034487101118508036
42.47266284071839 0.10332087181468214 0.003450985951444905
42.474725034753995 0.10378135687269764 0.0034535097977246654
42.47678722878959 0.10423368993170812 0.0034563009027037176
42.47884942282519 0.10467769576472744 0.0034593785183957204
42.480911616860794 0.10511319914476486 0.0034627618968143064
42.4829738108964 0.10554002484483123 0.0034664702899731194
42.485036004932 0.1059579976379373 0.0034705229498857987
42.4870981989676 0.10636694229709392 0.0034749391285659845
42.4891603930032 0.10676668359531194 0.0034797380780273233
42.4912225870388 0.10715704630560073 0.003484939050283434
42.4932847810744 0.10753785520097386 0.0034905612973479935
42.49534697511 0.10790894078289381 0.003496623785068908
42.497409169145605 0.10827032250680167 0.0035031360400700462
42.49947136318121 0.10862224737667227 0.0035100962217544203
42.50153355721681 0.10896497592752728 0.0035175018135795927
42.50359575125241 0.10929876869438818 0.0035253502990031213
42.50565794528801 0.10962388621227558 0.003533639161482542
42.50772013932361 0.10994058901621324 0.0035423658844754707
42.50978233335921 0.11024913764122156 0.0035515279514394373
42.511844527394814 0.11054979262232224 0.0035611228458320068
42.513906721430416 0.11084281449453681 0.003571148051110738
42.51596891546602 0.11112846379288684 0.0035816010507331926
42.51803110950162 0.11140700105239397 0.0035924793281569313
42.520093303537216 0.11167868680807884 0.003603780366839475
42.52215549757282 0.11194378159496489 0.0036155016502384626
42.52421769160842 0.1122025459480728 0.003627640661811417
42.52627988564402 0.1124552404024241 0.0036401948850158985
42.528342079679625 0.11270212549304046 0.0036531618033094665
42.53040427371523 0.11294346175494341 0.0036665389001496844
42.53246646775083 0.11317950972315456 0.003680323658994112
42.53452866178643 0.1134105299326955 0.0036945135633003113
42.53659085582203 0.11363678291858703 0.0037091060965257893
42.53865304985763 0.11385852921585232 0.0037240987421282095
42.54071524389323 0.11407602935951217 0.003739488983565083
42.542777437928834 0.11428954388458809 0.003755274304293969
42.544839631964436 0.11449933332610181 0.0037714521877724306
42.54690182600004 0.11470565821907483 0.0037880201174580277
42.54896402003564 0.11490877909852874 0.003804975576808322
42.551026214071236 0.11510895649948445 0.0038223160492808113
42.55308840810684 0.11530645095696497 0.0038400390183331787
42.55515060214244 0.11550152300599115 0.0038581419674229233
42.55721279617804 0.11569443318158457 0.003876622380007608
42.559274990213645 0.11588544201876685 0.003895477739544795
42.56133718424925 0.11607481005255953 0.00391470552949204
42.56339937828485 0.11626279781798428 0.003934303233306909
42.565461572320444 0.11644966585006199 0.00395426833444689
42.56752376635605 0.11663567468381554 0.003974598316369684
42.56958596039165 0.11682108485426589 0.0039952906625327815
42.57164815442725 0.1170061568964346 0.004016342856393745
42.57371034846285 0.11719115134534329 0.004037752381410135
42.575772542498456 0.11737632873601354 0.004059516721039512
42.57783473653406 0.11756194960346694 0.004081633358739435
42.57989693056965 0.11774827448272443 0.00410409977796739
42.581959124605255 0.11793556390880888 0.004126913462181091
42.58402131864086 0.1181240784167412 0.004150071894838022
42.58608351267646 0.11831407854154306 0.004173572559395744
42.58814570671206 0.11850582481823602 0.004197412939311817
42.590207900747664 0.11869957778184165 0.004221590518043805
42.59227009478327 0.11889559796738153 0.004246102779049264
42.59433228881887 0.11909414590987728 0.004270947205785759
42.596394482854464 0.11929548214434976 0.0042961212817107615
42.598456676890066 0.11949986720582195 0.004321622490282005
42.60051887092567 0.11970756162931478 0.004347448314956966
42.60258106496127 0.11991882576817096 0.004373596230302283
42.60464325899687 0.1201338209334192 0.004400058863994541
42.606705453032475 0.12035244572470097 0.004426815987253748
42.60876764706808 0.12057455567271999 0.004453845263610805
42.61082984110367 0.12179566448283333 0.0015390974604199306
42.612892035139275 0.1219943816688233 0.0015344288363096498
42.61495422917488 0.12219350012961147 0.0015301925409696505
42.61701642321048 0.12239297306514388 0.0015263941801977885
42.61907861724608 0.1225927583481602 0.0015230388905045644
42.621140811281684 0.12279281828499419 0.0015201313130460271
42.623203005317286 0.12299311936612466 0.0015176755707028533
42.62526519935288 0.1231936320084215 0.0015156752482648843
42.627327393388484 0.12339433029097199 0.0015141333756581122
42.629389587424086 0.1235951916862872 0.0015130524141312158
42.63145178145969 0.12379619678862115 0.001512434245300707
42.63351397549529 0.12399732904101457 0.0015122801629385023
42.63557616953089 0.12419857446258187 0.0015125908673723851
42.637638363566495 0.12439992137744156 0.0015133664623588948
42.63970055760209 0.12460136014657112 0.0015146064542794155
42.64176275163769 0.12480288290375219 0.0015163097535035796
42.643824945673295 0.12500448329663405 0.0015184746777593212
42.6458871397089 0.1252061562338447 0.0015210989573461989
42.6479493337445 0.12540789763893648 0.0015241797420273613
42.6500115277801 0.12560970421184606 0.0015277136094359923
42.652073721815704 0.12581157319843356 0.001531696574833907
42.6541359158513 0.1260135021685541 0.0015361241020629929
42.6561981098869 0.1262154888030167 0.001540991115534468
42.6582603039225 0.12641753068967249 0.001546292013105653
42.660322497958106 0.12661962512880848 0.0015520206797003525
42.66238469199371 0.12682176894791086 0.0015581705015348796
42.66444688602931 0.1270239583258026 0.0015647343808190446
42.66650908006491 0.12722618862607876 0.0015717047508086478
42.668571274100515 0.1274284542397043 0.0015790735910936311
42.67063346813611 0.1276307484365767 0.0015868324430137325
42.67269566217171 0.12783306322581134 0.0015949724251014385
42.674757856207314 0.1280353892244473 0.0016034842484592131
42.67682005024292 0.12823771553425653 0.0016123582319865018
42.67888224427852 0.12844002962628095 0.0016215843173785418
42.68094443831412 0.1286423172327092 0.0016311520838267297
42.68300663234972 0.1288445622456752 0.0016410507623570367
42.68506882638532 0.1290467466225425 0.0016512692497495456
42.68713102042092 0.12924885029722774 0.0016617961219886521
42.68919321445652 0.12945085109709037 0.0016726196471986052
42.691255408492125 0.12965272466493197 0.0016837277980257608
42.69331760252773 0.12985444438561894 0.0016951082634327583
42.69537979656333 0.13005598131685256 0.0017067484598752274
42.69744199059893 0.1302573041236076 0.001718635541835648
42.69950418463453 0.13045837901575655 0.0017307564116927935
42.70156637867013 0.13065916968840907 0.001743097728908966
42.70362857270573 0.13085963726447958 0.0017556459185193544
42.705690766741334 0.1310597402390285 0.0017683871789120136
42.707752960776936 0.13125943442489882 0.0017813074888877584
42.70981515481254 0.13145867289919214 0.0017943926139920982
42.71187734884814 0.1316574142691966 0.0018076292030340404
42.713939542883736 0.13185566731521123 0.0018210107214020922
42.71600173691934 0.13205345992447567 0.001834533545475625
42.71806393095494 0.13225081908581793 0.0018481943849192304
42.72012612499054 0.13244777110578979 0.0018619903231986339
42.722188319026145 0.13264434185906818 0.0018759188608009063
42.72425051306175 0.13284055702744382 0.0018899779551274304
42.72631270709735 0.13303644232780718 0.001904166057034649
42.72837490113295 0.13323202372942658 0.0019184821439823996
42.73043709516855 0.13342732766070897 0.0019329257497371303
42.73249928920415 0.13362238120554434 0.0019474969905680397
42.73456148323975 0.13381721228923962 0.0019621965878662494
42.736623677275354 0.13401184985399606 0.001977025887114673
42.738685871310956 0.13420632402380175 0.001991986873132995
42.74074806534656 0.13440066625856814 0.002007082181524294
42.74281025938216 0.13459490949729316 0.0020223151062531276
42.744872453417756 0.13478908828999908 0.0020376896032910513
42.74693464745336 0.13498323891817204 0.002053210290274478
42.74899684148896 0.13517739950340035 0.0020688824421295606
42.75105903552456 0.13537161010392562 0.0020847119826338193
42.753121229560165 0.1355659127987994 0.0021007054718976048
42.75518342359577 0.13576035175936094 0.002116870089766822
42.75724561763137 0.1359549733077691 0.0021332136151669847
42.759307811666964 0.13614982596234662 0.002149744401429281
42.76137000570257 0.13634496046953545 0.002166471347661672
42.76343219973817 0.1365404298222916 0.0021834038662500244
42.76549439377377 0.13673628926481998 0.002200551846600215
42.76755658780937 0.13693259628358379 0.002217925615254774
42.769618781844976 0.13712941058459768 0.0022355358925436842
42.77168097588058 0.13732679405707832 0.002253393745953427
42.77374316991617 0.13752481072359532 0.0022715105404228775
42.775805363951775 0.1377235266769471 0.002289897885798933
42.77786755798738 0.137923010004048 0.0023085675817062948
42.77992975202298 0.13812333069721547 0.002327531560109541
42.78199194605858 0.13832456055330328 0.0023468018258633377
42.784054140094185 0.13852677306121736 0.0023663903955658816
42.78611633412979 0.1387300432784254 0.0023863092350459867
42.78817852816539 0.1389344476971455 0.0024065701958275298
42.790240722200984 0.13914006410096869 0.002427184950925477
42.792302916236586 0.139346971412743 0.0024481649303358726
42.79436511027219 0.13955524953459042 0.0024695212565853117
42.79642730430779 0.1397649791810087 0.002491264680709371
42.79848949834339 0.13997624170603068 0.002513405519025258
42.800551692378995 0.140189118925469 0.0025359535910603973
42.8026138864146 0.1404036929352977 0.002558918158989995
42.80467608045019 0.14062004592724647 0.0025823078689252085
42.806738274485795 0.14083826000269808 0.00260613069437973
42.8088004685214 0.14105841698596877 0.002630393882223579
42.810862662557 0.1412805982380702 0.0026551039014157743
42.8129248565926 0.1415048844720091 0.0026802663947822895
42.814987050628204 0.14173135557067282 0.002705886134082805
42.81704924466381 0.14196009040830831 0.00273196697858272
42.8191114386994 0.1421911640954098 0.00275851093298187
42.821173632735004 0.1424246047502837 0.0027855031356896305
42.823235826770606 0.14266039967984243 0.0028129144722425182
42.82529802080621 0.14289853317919965 0.0028407150140601083
42.82736021484181 0.14313898803386702 0.002868874580281932
42.82942240887741 0.14338174267525527 0.0028973632677066243
42.831484602913015 0.14362674591054694 0.0029261550447191387
42.83354679694861 0.14387392986756425 0.002955226117663744
42.83560899098421 0.14412322531692515 0.0029845529498963856
42.837671185019815 0.14437456196581874 0.003014112320791953
42.83973337905542 0.1446278685917893 0.003043881394332356
42.84179557309102 0.144883073167332 0.003073837777331856
42.84385776712662 0.14514010297529498 0.003103959568018935
42.845919961162224 0.14539888471517956 0.003134225395700748
42.847982155197826 0.1456593446005165 0.0031646144522321606
42.85004434923342 0.1459214084475636 0.00319510651599753
42.852106543269024 0.14618500175563126 0.0032256819690925686
42.854168737304626 0.14645004977936585 0.0032563218083638515
42.85623093134023 0.14671647759338305 0.003287007650935046
42.85829312537583 0.14698421014963178 0.0033177217348097482
42.86035531941143 0.1472531723279012 0.003348446915105393
42.862417513447035 0.14752328897988082 0.003379166656433064
42.86447970748263 0.14779448496718503 0.0034098650218987196
42.86654190151823 0.14806668519374916 0.003440526659162935
42.868604095553835 0.14833981463297893 0.003471136783955661
42.87066628958944 0.14861379835005079 0.003501681161408937
42.87272848362504 0.1488885615197133 0.003532146085530956
42.87479067766064 0.14916402943994037 0.003562518357112968
42.876852871696244 0.14944012754176159 0.0035927852603274105
42.87891506573184 0.14971678139557357 0.003622934538245256
42.88097725976744 0.14999391671422274 0.003652954367472814
42.88303945380304 0.15027145935310865 0.003682833332079526
42.885101647838646 0.15054933530756787 0.0037125603969673563
42.88716384187425 0.15146670973596602 0.001146169538797137
42.88922603590985 0.15159773633404128 0.0011565790043010806
42.89128822994545 0.15173367722009248 0.001167115105444304
42.89335042398105 0.15187447385234656 0.0011777767070233788
42.89541261801665 0.1520200656941887 0.0011885626267935997
42.89747481205225 0.15217039023805862 0.001199471632666749
42.899537006087854 0.15232538303139287 0.001210502439913228
42.90159920012346 0.15248497770414718 0.0012216537083504914
42.90366139415906 0.15264910599747786 0.0012329240394998592
42.90572358819466 0.15281769779318682 0.0012443119736928803
42.90778578223026 0.15299068114356243 0.001255815987107768
42.90984797626586 0.1531679823012752 0.0012674344887156994
42.91191017030146 0.15334952574901203 0.001279165817116234
42.91397236433706 0.153535234228541 0.0012910082372394216
42.916034558372665 0.15372502876893648 0.0013029599368925644
42.91809675240827 0.15391882871368956 0.001315019023127106
42.92015894644387 0.1541165517464505 0.0013271835184006902
42.92222114047947 0.15431811391515787 0.0013394513565077217
42.92428333451507 0.15452342965431354 0.0013518203782501353
42.92634552855067 0.15473241190006903 0.001364288335993475
42.92840772258627 0.15494498152691313 0.0013768538038706056
42.930469916621874 0.1551610754044675 0.0013895169783846098
42.932532110657476 0.1553806309481436 0.001402278194791769
42.93459430469308 0.1556035844201698 0.0014151377554357703
42.93665649872868 0.15582987109925986 0.0014280959385646705
42.938718692764276 0.15605942851222235 0.0014411534263951721
42.94078088679988 0.15629220394429533 0.0014543123391219292
42.94284308083548 0.15652814645273766 0.0014675751614413187
42.94490527487108 0.15676720486690557 0.0014809444554200056
42.946967468906685 0.15700932797370187 0.0014944228683748952
42.94902966294229 0.15725446469268636 0.0015080131401669769
42.95109185697789 0.15750256424132347 0.001521718109928347
42.953154051013485 0.1577535762907592 0.0015355407222385064
42.95521624504909 0.15800745111244932 0.001549484032763677
42.95727843908469 0.15826413971587672 0.0015635512133696202
42.95934063312029 0.15852359397756957 0.0015777455567182377
42.961402827155894 0.1587857667615502 0.001592070480355054
42.963465021191496 0.15905061203132234 0.001606529530294436
42.9655272152271 0.15931808495346053 0.0016211263841081345
42.9675894092627 0.15958814199283722 0.0016358648535220468
42.969651603298296 0.1598607409994975 0.001650748886525557
42.9717137973339 0.1601358412871785 0.001665782568997836
42.9737759913695 0.16041340370343687 0.0016809701258542655
42.9758381854051 0.16069339069137162 0.0016963159217179339
42.977900379440705 0.16097576634288985 0.001711824461119481
42.97996257347631 0.16126049644348364 0.0017275003882298832
42.98202476751191 0.1615475485084816 0.0017433484861307587
42.984086961547504 0.16183689181074568 0.0017593736756271873
42.98614915558311 0.162128497399801 0.0017755810136089393
42.98821134961871 0.16242233811237936 0.0017919756909654278
42.99027354365431 0.16271838857440854 0.0018085630300622565
42.99233573768991 0.1630166251944641 0.0018253484817860146
42.994397931725516 0.16331702614874496 0.0018423376221658515
42.99646012576112 0.16361957135764948 0.0018595361485807783
42.99852231979671 0.1639242424540585 0.0018769498755624426
43.000584513832315 0.16423102274346574 0.001894584730204425
43.00264670786792 0.16453989715610579 0.0019124467471887138
43.00470890190352 0.16485085219129844 0.0019305420634430537
43.00677109593912 0.16516387585422274 0.0019488769124416947
43.008833289974724 0.16547895758539222 0.0019674576181643137
43.01089548401033 0.16579608818312747 0.0019862905887284414
43.01295767804592 0.1661152597193552 0.0020053823097117294
43.015019872081524 0.16643646544910745 0.002024739337181891
43.017082066117126 0.16675969971409915 0.002044368290451774
43.01914426015273 0.16708495784083702 0.002064275844580388
43.02120645418833 0.16741223603370078 0.002084468722639406
43.02326864822393 0.16774153126348954 0.0021049536877671172
43.025330842259535 0.16807284115194535 0.002125737535032271
43.02739303629514 0.16840616385278892 0.0021468270831313868
43.02945523033073 0.1687414979298207 0.0021682291659438934
43.031517424366335 0.16907884223266825 0.002189950623970918
43.03357961840194 0.16941819577074596 0.0022119982956827996
43.03564181243754 0.16975954403648252 0.0022343789950556377
43.03770400647314 0.17010281451757361 0.0022570994574217834
43.039766200508744 0.1704479182106663 0.002280166372298939
43.041828394544346 0.17079476477587596 0.0023035863901479806
43.04389058857994 0.17114326253751536 0.0023273661139260925
43.045952782615544 0.1714933185253013 0.0023515120512614435
43.048014976651146 0.17184483980902032 0.0023760289126902256
43.05007717068675 0.17219773363304983 0.0024009189696201838
43.05213936472235 0.17255190542328425 0.0024261842593833118
43.05420155875795 0.17290725870465193 0.0024518267569168337
43.056263752793555 0.1732636951810716 0.0024778483742380025
43.05832594682915 0.17362111482771944 0.0025042509595233596
43.06038814086475 0.17397941599452837 0.0025310362958359672
43.062450334900355 0.17433849551977548 0.0025582060995445197
43.06451252893596 0.17469824885262636 0.002585762018483051
43.06657472297156 0.17505857018344737 0.002613705629897671
43.06863691700716 0.1754193525807126 0.00264203843822885
43.070699111042764 0.17578048813332756 0.002670761872776734
43.07276130507836 0.17614186809720356 0.0026998772852959226
43.07482349911396 0.1765033830449478 0.002729385947565322
43.07688569314956 0.1768649230175362 0.0027592890489745434
43.078947887185166 0.17722637767692032 0.0027895876941694017
43.08101008122077 0.17758763645851772 0.0028202829007927723
43.08307227525637 0.17794858872261582 0.002851375597356106
43.08513446929197 0.17830912390376505 0.0028828666212728704
43.087196663327575 0.1786691316573022 0.0029147567170818333
43.08925885736317 0.17902850200220705 0.0029470465348844007
43.09132105139877 0.179387125459575 0.00297973662901733
43.093383245434374 0.17974489318603107 0.0030128274569761744
43.09544543946998 0.18010169710152882 0.0030463193786050696
43.09750763350558 0.1804574300110045 0.00308021265556104
43.09956982754118 0.18081198571945917 0.0031145074510599484
43.10163202157678 0.18116525914010106 0.0031492038299071167
43.10369421561238 0.18151714639525507 0.0031843017588126014
43.10575640964798 0.1818675449098205 0.00321980110698904
43.10781860368358 0.18221635349710003 0.0032557016470248098
43.109880797719185 0.18256347243692922 0.003292003056027038
43.11194299175479 0.1829088035549965 0.003328704920749387
43.11400518579039 0.1832522569183334 0.003365809509518161
43.11606737982599 0.18359376264114594 0.0034033267293861512
43.11812957386159 0.1839332556628673 0.003441267818617915
43.12019176789719 0.18427067262061295 0.003479644037844355
43.12225396193279 0.18460595187816514 0.003518466676125363
43.124316155968394 0.18493903354625638 0.0035577470562203383
43.126378350003996 0.18526985949474128 0.003597496539086915
43.1284405440396 0.185598373357276 0.0036377265276303933
43.1305027380752 0.18592452052912697 0.0036784484697252743
43.132564932110796 0.18624824815872368 0.0037196738605301716
43.1346271261464 0.18656950513357878 0.0037614142441186266
43.136689320182 0.18688824206116175 0.003803681214445616
43.1387515142176 0.1872044112453424 0.0038464864156749685
43.140813708253205 0.18751796665896145 0.003889841541888414
43.14287590228881 0.1878288718245841 0.003933757927954328
43.14493809632441 0.18813717557445675 0.003978242650677051
43.14700029036001 0.1884429761797721 0.004023300415460159
43.14906248439561 0.18874637000524283 0.004068936207023693
43.15112467843121 0.18904745064799874 0.004115155321256927
43.15318687246681 0.18934630884658046 0.004161963356604284
43.155249066502414 0.18964302833561625 0.004209366172723216
43.157311260538016 0.18993764819280126 0.004257369602087061
43.15937345457362 0.19023018024799632 0.00430597956034742
43.16143564860922 0.1905206331755367 0.004355202203389529
43.163497842644816 0.19080901283948498 0.004405043909688487
43.16556003668042 0.19109532235483273 0.004455511259280186
43.16762223071602 0.19137956216632318 0.004506611011817419
43.16968442475162 0.19166173014175467 0.004558350083935732
43.171746618787225 0.19194182167692553 0.0046107355261216934
43.17380881282283 0.19221982980972682 0.004663774499255784
43.17587100685843 0.19249574534118372 0.004717474250978552
43.177933200894024 0.19276955696153264 0.004771842092008271
43.17999539492963 0.1930412513796869 0.004826885372520928
43.18205758896523 0.19331081345466739 0.004882611458682608
43.18411978300083 0.1935782263278258 0.004939027709415595
43.18618197703643 0.1938434715548522 0.004996141453459362
43.188244171072036 0.19410652923676117 0.005053959966779392
43.19030636510764 0.19436737814919908 0.005112490450364665
43.19236855914323 0.1946259958695614 0.005171740008445118
43.194430753178835 0.19488235890153863 0.0052317156271534555
43.19649294721444 0.19513644279680242 0.005292424153644069
43.19855514125004 0.19538822227367172 0.005353872275682644
43.20061733528564 0.19563767133265075 0.005416066501707294
43.202679529321244 0.19588476336882493 0.005479013141361685
43.20474172335685 0.19612947128115563 0.005542718286495016
43.20680391739245 0.19637176757877 0.005607187792620425
43.208866111428044 0.19661162448438904 0.005672427260820263
43.210928305463646 0.1968490140350801 0.00573844202008565
43.21299049949925 0.19708390818053648 0.00580523711007087
43.21505269353485 0.19731627887914582 0.005872817264249324
43.21711488757045 0.19754609819209848 0.005941186893448264
43.219177081606055 0.19777333837582955 0.006010350069743112
43.22123927564166 0.19799797197309502 0.006080310510689425
43.22330146967725 0.1982199719029974 0.00615107156386977
43.225363663712855 0.19843931202723256 0.006222636202663295
43.22742585774846 0.1986560431478163 0.006295008748996599
43.22948805178406 0.19887037589342332 0.006368196742148464
43.23155024581966 0.19908254051404667 0.006442207697390545
43.233612439855264 0.19929276674245974 0.0065170486242162335
43.235674633890866 0.19950128372796222 0.0065927260052382275
43.23773682792646 0.19970831997030275 0.006669245775292681
43.239799021962064 0.19991410325446546 0.0067466133007376234
43.241861215997666 0.20011886058697634 0.006824833358926217
43.24392341003327 0.20032281813439107 0.006903910117843076
43.24598560406887 0.20052620116459083 0.006983847115881142
43.24804779810447 0.2007292339915095 0.00706464724174052
43.250109992140075 0.2009321376585652 0.007146312999186042
43.25217218617567 0.20113504403572924 0.007228857293829128
43.25423438021127 0.2013379677257051 0.0073123070091418154
43.256296574246875 0.2015409107067031 0.0073966898541844885
43.25835876828248 0.2017438691199933 0.007482033474446057
43.26042096231808 0.20194683258883084 0.007568365501295653
43.26248315635368 0.20214978363314853 0.00765571359061843
43.264545350389284 0.20235276826534113 0.007744120068780136
43.266607544424886 0.20255608942309522 0.007833681973891386
43.26866973846048 0.2027601114297206 0.007924511139571136
43.27073193249608 0.20296520143688632 0.008016722124245756
43.272794126531686 0.2031717302128597 0.008110432276878929
43.27485632056729 0.20338007283545365 0.008205761759226046
43.27691851460289 0.2035906092874353 0.00830283352524443
43.27898070863849 0.20380372495187024 0.008401773258444819
43.281042902674095 0.2040198110049217 0.008502709268179389
43.28310509670969 0.20423926470398573 0.008605772346128053
43.28516729074529 0.20446248956970253 0.008711095584557646
43.287229484780894 0.20468989546127464 0.008818814158264517
43.2892916788165 0.20492189854567094 0.008929065072488035
43.2913538728521 0.20515892116257212 0.009041986879444353
43.2934160668877 0.20540139158835566 0.009157719366508225
43.2954782609233 0.2056497437039187 0.009276403219424547
43.2975404549589 0.20590441657266723 0.009398179664260304
43.2996026489945 0.20616585393650058 0.009523190092101466
43.3016648430301 0.20643450363901447 0.009651575670732547
43.303727037065705 0.2067108169864395 0.009783476947735438
43.30578923110131 0.20699524805788622 0.009919033449548087
43.30785142513691 0.20728825297733003 0.010058383281079889
43.30991361917251 0.20759028916034533 0.010201662730450364
43.31197581320811 0.20790181454889287 0.010349005883314239
43.31403800724371 0.208223286847453 0.010500544251060721
43.31610020127931 0.20855516277346256 0.010656406416913455
43.318162395314914 0.20889789733442743 0.010816717703657818
43.32022458935052 0.2092519431431522 0.010981599866327641
43.32228678338612 0.20961774978140632 0.011151170812766823
43.32434897742172 0.209995763220982 0.011325544354510306
43.32641117145732 0.21038642530958207 0.01150482998993324
43.32847336549292 0.2107901733273353 0.01168913272110318
43.33053555952852 0.21120743961804544 0.011878552905256119
43.33259775356412 0.21163865129753892 0.01207318614129161
43.334659947599725 0.21208423003984325 0.01227312319120949
43.33672214163533 0.21254459194028935 0.012478449935920505
43.33878433567093 0.2130201445240936 0.012689247979241038
43.34084652970653 0.2135110991945013 0.01290563408408809
43.34290872374213 0.21401735447733597 0.013127785061685859
43.34497091777773 0.21453876896412868 0.01335588090154901
43.34703311181333 0.21507518791218144 0.013590099522917627
43.349095305848934 0.21562644304197864 0.01383061717167334
43.351157499884536 0.21619235247273375 0.014077608808114133
43.35321969392014 0.21677272078477272 0.014331248482758015
43.35528188795574 0.21736733919695486 0.014591709697579162
43.357344081991336 0.21797598584705244 0.014859165750355608
43.35940627602694 0.21859842616294206 0.015133790060117454
43.36146847006254 0.21923441331252372 0.015415756471987003
43.36353066409814 0.2198836887206213 0.01570523954006608
43.365592858133745 0.2205459826414545 0.016002414787326773
43.36765505216935 0.22122101477584663 0.016307458941808316
43.36971724620495 0.22190849492294162 0.01662055014873182
43.371779440240545 0.22260811758669732 0.016941867405735767
43.37384163427615 0.22331925268016137 0.017271552411412056
43.37590382831175 0.22404081492571287 0.017609694076378007
43.37796602234735 0.22477170963173634 0.017956384098986086
43.380028216382954 0.2255108711174659 0.018311721613008567
43.382090410418556 0.2262572623772011 0.018675812993830258
43.38415260445416 0.22700987436817072 0.019048771601572485
43.38621479848976 0.22776772499632794 0.0194307174743926
43.388276992525356 0.2285298578662456 0.019821776983656215
43.39033918656096 0.22929534085327116 0.020222082461199626
43.39240138059656 0.23006326454831896 0.02063177180746588
43.39446357463216 0.23083274061849351 0.021050988088043315
43.396525768667765 0.23160290011991638 0.021479879124899768
43.39858796270337 0.23237289179306655 0.02191859708756378
43.40065015673897 0.23314188036542888 0.02236729808854215
43.402712350774564 0.2339090448813861 0.022826141786424933
43.40477454481017 0.2346735770750456 0.023295290999409458
43.40683673884577 0.23543467979795699 0.023774911331311224
43.40889893288137 0.2361915655106154 0.024265170811646336
43.41096112691697 0.236943454843887 0.02476623955085839
43.413023320952576 0.23768957523432255 0.025278289411413402
43.41508551498818 0.23842915963546138 0.025801493695157544
43.41714770902377 0.23916144530573735 0.026336026847071727
43.419209903059375 0.23988567267240798 0.026882064175358607
43.42127209709498 0.24060108426993687 0.027439781587589956
43.42333429113058 0.24130692375061893 0.028009355342574274
43.42539648516618 0.24200243496461027 0.028590961817438608
43.427458679201784 0.24268686110619375 0.02918477728938093
43.42952087323739 0.24335944392283199 0.02979097773148254
43.43158306727298 0.24401942298341414 0.030409738621933413
43.433645261308584 0.2446660350020455 0.03104123476601658
43.435707455344186 0.24529851321368598 0.031685640130143376
43.43776964937979 0.24591608679807653 0.03234312768730598
43.43983184341539 0.24651798034840616 0.03301386927324685
43.44189403745099 0.2471034133813479 0.033698035452702876
43.443956231486595 0.24767159988522242 0.034395795395085874
43.4460184255222 0.24822174790321222 0.03510731675898422
43.44808061955779 0.24875305914872015 0.035832765584892665
43.450142813593395 0.2492647286501531 0.0365723061956205
43.452205007629 0.2497559444225533 0.037326101103802356
43.4542672016646 0.25022588716373484 0.03809431092605122
43.4563293957002 0.25067372997269183 0.03887709430323276
43.458391589735804 0.2510986380882488 0.03967460782642019
43.460453783771406 0.25149976864606605 0.04048700596809763
43.462515977807 0.251876270452267 0.041314441018205916
43.464578171842604 0.2522272837721015 0.04215706302466978
43.466640365878206 0.27768841743490863 0.04801039102337876
43.46870255991381 0.2786421908432105 0.04897307957090149
43.47076475394941 0.27957766899781433 0.04995296319692701
43.47282694798501 0.2804940018896952 0.050950194656759776
43.474889142020615 0.2813903274943552 0.05196492363083331
43.47695133605621 0.2822657715363982 0.052997296682716744
43.47901353009181 0.28311944726840627 0.054047457219861865
43.481075724127415 0.2839504552628893 0.05511554545678088
43.48313791816302 0.2847578832162717 0.056201698380490266
43.48520011219862 0.28554080576385643 0.05730604971795213
43.48726230623422 0.2862982843048465 0.05842872990533638
43.489324500269824 0.28702936683655594 0.05956986605891993
43.49138669430542 0.28773308779700824 0.06072958194745316
43.49344888834102 0.2884084679151971 0.061907997965866844
43.49551108237662 0.2890545140682965 0.0631052311101216
43.497573276412226 0.2896702191452391 0.06432139495315353
43.49963547044783 0.29025456191604976 0.06555659962174144
43.50169766448343 0.2908065069064187 0.06681095177421455
43.50375985851903 0.29132500427702024 0.06808455457890117
43.505822052554635 0.29180898970712815 0.06937750769323127
43.50788424659023 0.29225738428211223 0.07068990724340878
43.50994644062583 0.29266909438444283 0.07202184580460881
43.512008634661434 0.2930430115878312 0.07337341238156593
43.51407082869704 0.2933780125542156 0.07474469238958424
43.51613302273264 0.2936729589332713 0.07613576763584669
43.51819521676824 0.2939266972641845 0.07754671630100167
43.52025741080384 0.29413805887943717 0.07897761292097709
43.52231960483944 0.29430585981037466 0.08042852836897607
43.52438179887504 0.2944289006943466 0.08189952983764744
43.52644399291064 0.29450596668322004 0.0833906808213217
43.528506186946245 0.2945358273530997 0.08490204109838266
43.53056838098185 0.29451723661508095 0.08643366671367138
43.53263057501745 0.2944489326268915 0.08798560996092761
43.53469276905305 0.29432963770528214 0.0895579193652408
43.53675496308865 0.2941580582390416 0.09115063966548452
43.53881715712425 0.2939328846025154 0.09276381179674884
43.54087935115985 0.29365279106953124 0.09439747287267072
43.542941545195454 0.29331643572762156 0.09605165616775747
43.545003739231056 0.2929224603924625 0.097726391099607
43.54706593326666 0.29246949052244187 0.09942170321104499
43.54912812730226 0.29195613513328217 0.10113761415216238
43.551190321337856 0.2913809867126519 0.10287414166223695
43.55325251537346 0.2907426211346863 0.10463129955156573
43.55531470940906 0.29003959757439157 0.10640909768310984
43.55737690344466 0.28927045842183785 0.10820754195406437
43.559439097480265 0.28843372919612054 0.11002663427725624
43.56150129151587 0.2875279184590324 0.11186637256240047
43.56356348555147 0.28655151772840737 0.11372675069720246
43.56562567958707 0.2684095089856508 0.4158862954320974
43.56768787362267 0.26485746960384127 0.4206772860522823
43.56975006765827 0.26115094771508757 0.4254732930498586
43.57181226169387 0.2572877716452249 0.43027375428469344
43.573874455729474 0.253265769720077 0.4350781076166716
43.575936649765076 0.2490827702654671 0.4398857909056771
43.57799884380068 0.2447366016072189 0.44469624201159424
43.58006103783628 0.2402250920711556 0.4495088987943073
43.582123231871876 0.23554606998311722 0.45432319911368385
43.58418542590748 0.23069736366889496 0.45913858082964143
43.58624761994308 0.22567680145432809 0.46395448180204757
43.58830981397868 0.2204822116652401 0.4687703398907868
