logL Corr CorrErr
41.5253477931943 -0.03545922981910881 0.005681790337943832
41.527467040478754 -0.03564966194192526 0.005688425326754996
41.52958628776321 -0.03585603755515605 0.005695625036172343
41.531705535047664 -0.036078093701783207 0.005703376422593569
41.533824782332125 -0.03631556742478958 0.005711666442416409
41.53594402961658 -0.036568195767155594 0.005720482052038506
41.538063276901035 -0.036835715771864064 0.00572981020785759
41.54018252418549 -0.03711786448189699 0.005739637866271358
41.542301771469944 -0.037414378940236394 0.005749951983677514
41.5444210187544 -0.03772499618986433 0.005760739516473759
41.54654026603886 -0.038049453273763904 0.005771987421057829
41.548659513323315 -0.038387487234914974 0.005783682653827354
41.55077876060777 -0.03873883511630063 0.005795812171180072
41.552898007892225 -0.0391032339609029 0.005808362929513681
41.55501725517668 -0.03948042081170381 0.005821321885225883
41.557136502461134 -0.039870132711685366 0.0058346759947143795
41.559255749745596 -0.040272106703830975 0.005848412214376918
41.56137499703005 -0.04068607983111998 0.005862517500611107
41.563494244314505 -0.0411117891365357 0.005876978809814696
41.56561349159896 -0.04154897166306019 0.005891783098385382
41.567732738883414 -0.041997364453675454 0.005906917322720867
41.56985198616787 -0.042456704551363515 0.00592236843921885
41.57197123345233 -0.042926728999108016 0.005938123404277092
41.574090480736785 -0.043407174839887805 0.005954169174293184
41.57620972802124 -0.04389777911668647 0.005970492705664876
41.578328975305695 -0.04439827887248604 0.005987080954789875
41.58044822259015 -0.04490841115026853 0.006003920878065878
41.582567469874604 -0.045427912993015976 0.006020999431890589
41.584686717159066 -0.045956521443712185 0.0060383035726617644
41.58680596444352 -0.046493973545335625 0.006055820256776992
41.588925211727975 -0.047040006340870105 0.006073536440634029
41.59104445901243 -0.04759435687329763 0.006091439080630578
41.593163706296885 -0.048156762185600235 0.006109515133164337
41.59528295358134 -0.04872695932075991 0.006127751554633007
41.5974022008658 -0.04930468532176067 0.006146135301434354
41.599521448150256 -0.04988967723158065 0.006164653329965956
41.60164069543471 -0.0504816720932038 0.006183292596625571
41.603759942719165 -0.05108040694961215 0.006202040057810904
41.60587919000362 -0.05168561884378772 0.006220882669919654
41.607998437288074 -0.052297044818712515 0.006239807389349523
41.610117684572536 -0.05291442191737066 0.006258801172498276
41.61223693185699 -0.05353748718274005 0.006277850975763485
41.614356179141446 -0.054165977657804745 0.006296943755542918
41.6164754264259 -0.054799630385546784 0.00631606646823427
41.618594673710355 -0.05543818240894818 0.006335206070235249
41.62071392099481 -0.05608137077099097 0.006354349517943551
41.62283316827927 -0.05672893251465935 0.006373483767756945
41.624952415563726 -0.05738060468293099 0.006392595776073
41.62707166284818 -0.058036124318790114 0.006411672499289483
41.629190910132635 -0.058695228465218706 0.006430700893804093
41.63131015741709 -0.0593576541651988 0.006449667916014537
41.633429404701545 -0.06002313846171246 0.006468560522318509
41.63554865198601 -0.0606914183977439 0.006487365669113775
41.63766789927046 -0.06136223101627068 0.006506070312797913
41.639787146554916 -0.06203531336027708 0.006524661409768684
41.64190639383937 -0.06271040247274512 0.006543125916423788
41.644025641123825 -0.0633872353966568 0.00656145078916093
41.64614488840828 -0.06406554917499416 0.006579622984377808
41.64826413569274 -0.0647450808507415 0.006597629458472184
41.650383382977196 -0.0654255674668763 0.006615457167841639
41.65250263026165 -0.06610674606638285 0.006633093068883935
41.654621877546106 -0.06678835369224319 0.00665052411799677
41.65674112483056 -0.06747012738743932 0.006667737271577847
41.658860372115015 -0.06815180419495326 0.006684719486024866
41.66097961939948 -0.06883312115776936 0.00670145771773559
41.66309886668393 -0.06951381531886504 0.006717938923107597
41.665218113968386 -0.0701936237212246 0.006734150058538652
41.66733736125284 -0.07087228340783011 0.006750078080426454
41.669456608537295 -0.07154953142166355 0.006765709945168704
41.67157585582175 -0.07222510480570697 0.006781032609163102
41.67369510310621 -0.07289874060294463 0.006796033028807402
41.67581435039067 -0.07357017585635409 0.006810698160499202
41.67793359767512 -0.07423914760891955 0.006825014960636253
41.680052844959576 -0.07490539290362307 0.0068389703856162574
41.68217209224403 -0.07556864878344671 0.0068525513918369155
41.684291339528485 -0.07622865229137243 0.006865744935695927
41.68641058681295 -0.07688514047038453 0.006878537973591041
41.6885298340974 -0.07753785036346057 0.006890917461919866
41.690649081381856 -0.0781865190135848 0.00690287035708015
41.69276832866631 -0.07883088346373926 0.006914383615469593
41.694887575950766 -0.07947068075690591 0.006925444193485897
41.69700682323522 -0.08010564793606689 0.006936039047526762
41.69912607051968 -0.0807355220442062 0.006946155133989921
41.70124531780414 -0.08136004012430172 0.0069557794092730075
41.70336456508859 -0.0819789392193376 0.006964898829773761
41.705483812373046 -0.08259195637229583 0.006973500351889879
41.7076030596575 -0.08319882862615843 0.006981570932019065
41.709722306941956 -0.08379929302390746 0.006989097526559015
41.71184155422642 -0.08439308660852687 0.006996067091907456
41.71396080151087 -0.08497994642299475 0.0070024665844620445
41.71608004879533 -0.08555960951029513 0.007008282960620503
41.71819929607978 -0.08613181291340997 0.00701350317678053
41.720318543364236 -0.08669629367532139 0.007018114189339833
41.72243779064869 -0.08725278883901133 0.0070221029546961074
41.72455703793315 -0.0878010354474637 0.007025456429247066
41.72667628521761 -0.0883407705436568 0.007028161569390388
41.72879553250206 -0.08887173117057452 0.007030205331523787
41.73091477978652 -0.08939365437119891 0.007031574672044963
41.73303402707097 -0.08990627718851199 0.007032256547351618
41.735153274355426 -0.09040933666549575 0.007032237913841452
41.73727252163989 -0.09090256984513388 0.007031505727912165
41.73939176892434 -0.09138571377040507 0.007030046945961458
41.7415110162088 -0.09185850548429306 0.0070278485243870335
41.74363026349325 -0.09232068202977983 0.007024897419586596
41.745749510777706 -0.09277198044984741 0.007021180587957839
41.74786875806216 -0.09321216249078762 0.007016687434215491
41.74998800534662 -0.09364129465413185 0.00701143756702038
41.75210725263108 -0.09405964874027851 0.007005470941971759
41.75422649991553 -0.09446750038339874 0.006998827894629264
41.75634574719999 -0.09486512521766223 0.006991548760552546
41.75846499448444 -0.0952527988772386 0.00698367387530126
41.760584241768896 -0.09563079699629756 0.0069752435744350584
41.76270348905336 -0.09599939520901003 0.0069662981935135655
41.76482273633781 -0.09635886914954314 0.006956878068096488
41.76694198362227 -0.09670949445206786 0.006947023533743459
41.76906123090672 -0.09705154675075389 0.0069367749260141245
41.77118047819118 -0.09738530167977087 0.006926172580468141
41.77329972547563 -0.09771103487328847 0.006915256832665159
41.77541897276009 -0.0980290219654774 0.0069040680181647945
41.77753822004455 -0.09833953859050525 0.006892646472526777
41.779657467329 -0.09864286038254275 0.0068810325313107224
41.78177671461346 -0.09893926297575957 0.006869266530076284
41.78389596189791 -0.09922902200432535 0.006857388804383111
41.78601520918237 -0.09951241310240981 0.006845439689790858
41.78813445646683 -0.09978971190418351 0.006833459521859142
41.79025370375128 -0.10006119404381432 0.006821488636147693
41.79237295103574 -0.10032713515547279 0.0068095673682161215
41.79449219832019 -0.10058781087332862 0.006797736053624086
41.79661144560465 -0.10084349683155149 0.006786035027931237
41.7987306928891 -0.10109446866431103 0.006774504626697226
41.80084994017356 -0.1013410020057778 0.006763185185481671
41.80296918745802 -0.1015833724901198 0.006752117039844299
41.80508843474247 -0.10182185575150747 0.006741340525344725
41.80720768202693 -0.10205672742411057 0.006730895977542602
41.80932692931138 -0.10228826314209874 0.006720823731997587
41.81144617659584 -0.10251673853964163 0.006711164124269326
41.8135654238803 -0.1027424292509097 0.0067019574899174475
41.81568467116475 -0.10296561091007111 0.006693244164501663
41.81780391844921 -0.10318655915129625 0.006685064483581596
41.81992316573366 -0.10340554960875488 0.006677458782716899
41.82204241301812 -0.10362285791661656 0.006670467397467225
41.82416166030257 -0.10383875970905103 0.006664130663392226
41.826280907587034 -0.10405353062022869 0.006658488916051538
41.82840015487149 -0.10426744628431775 0.006653582491004853
41.83051940215594 -0.1044807823354886 0.006649451723811802
41.8326386494404 -0.10469381440791092 0.0066461369500320396
41.83475789672485 -0.10490681813575442 0.0066436785052252185
41.83687714400931 -0.10512006915318872 0.006642116724950991
41.83899639129377 -0.1053338430943842 0.006641491944769009
41.84111563857822 -0.10554841559350915 0.006641844500238933
41.84323488586268 -0.10576406228473398 0.006643214726920408
41.84535413314713 -0.10598105880222826 0.00664564296037309
41.84747338043159 -0.10619968078016179 0.006649169536156633
41.84959262771604 -0.10642020385270412 0.006653834789830688
41.851711875000504 -0.10664290365402578 0.006659679056954928
41.85383112228496 -0.10686805581829485 0.006666742673088969
41.85595036956941 -0.10709593597968181 0.006675065973792482
41.85806961685387 -0.10732680746258602 0.006684687630821913
41.86018886413832 -0.10756061530824748 0.006695603296403001
41.86230811142278 -0.10779696542291195 0.006707762784871954
41.86442735870724 -0.10803544722742356 0.006721113682378427
41.866546605991694 -0.10827565014262429 0.006735603575071945
41.86866585327615 -0.10851716358935823 0.006751180049102152
41.8707851005606 -0.1087595769884689 0.0067677906906186665
41.87290434784506 -0.10900247976079969 0.006785383085771089
41.87502359512951 -0.10924546132719404 0.006803904820709036
41.877142842413974 -0.10948811110849621 0.00682330348158218
41.87926208969843 -0.10973001852554798 0.006843526654539999
41.881381336982884 -0.10997077299919357 0.006864521925732169
41.88350058426734 -0.11020996395027646 0.006886236881308297
41.88561983155179 -0.11044718079964008 0.006908619107417995
41.88773907883625 -0.11068201296812782 0.006931616190210868
41.88985832612071 -0.11091404987658392 0.006955175715836609
41.891977573405164 -0.11114288094585022 0.006979245270444667
41.89409682068962 -0.11136809559677098 0.007003772440184733
41.89621606797407 -0.11158928325018957 0.0070287048112064095
41.89833531525853 -0.11180603332694948 0.007053989969659314
41.90045456254298 -0.11201793524789412 0.007079575501693054
41.902573809827445 -0.11222457843386759 0.007105408993457318
41.9046930571119 -0.11242555230571193 0.0071314380311015505
41.906812304396354 -0.11262044628427129 0.007157610200775442
41.90893155168081 -0.11280884979038912 0.007183873088628608
41.91105079896526 -0.11299035224490879 0.007210174280810652
41.91317004624972 -0.11316454306867381 0.0072364613634711885
41.91528929353418 -0.11333101168252806 0.007262681922759907
41.917408540818634 -0.11348934750731395 0.007288783544826247
41.91952778810309 -0.11363913996387541 0.007314713815819904
41.921647035387544 -0.11377997847305592 0.007340420321890491
41.923766282672 -0.11391145245569889 0.007365850649187612
41.92588552995645 -0.11403315133264774 0.007390952383860878
41.928004777240915 -0.11414466452474625 0.00741567311205998
41.93012402452537 -0.11424558145283714 0.007439960419934365
41.932243271809824 -0.11433549153776419 0.0074637618936337176
41.93436251909428 -0.11441398420037088 0.007487025119307659
41.93648176637873 -0.11448064886150058 0.007509697683105789
41.93860101366319 -0.11453507494199675 0.0075317271711777215
41.94072026094765 -0.11457685186270293 0.007553061169673133
41.942839508232105 -0.11460556904446231 0.0075736472647414945
41.94495875551656 -0.11462081590811846 0.007593433042532485
41.947078002801014 -0.11462218187451481 0.007612366089195713
41.94919725008547 -0.11460925636449476 0.00763039399088079
41.95131649736992 -0.11458162879890177 0.007647464333737325
41.953435744654385 -0.1145388885985791 0.007663524703914976
41.95555499193884 -0.11448062518437042 0.0076785226875632495
41.957674239223294 -0.11440642797711913 0.007692405870831807
41.95979348650775 -0.1143158863976686 0.007705121839870259
41.961912733792204 -0.11420858986686228 0.007716618180828215
41.96403198107666 -0.11408412780554361 0.007726842479855284
41.96615122836112 -0.11394208963455547 0.0077357423231011035
41.968270475645575 -0.11378206755296262 0.007743265688810674
41.97038972293003 -0.11360386714569666 0.00774939067077724
41.972508970214484 -0.11340765481923348 0.007754146286215814
41.97462821749894 -0.11319363182057078 0.007757566469449654
41.976747464783394 -0.11296199939670619 0.00775968515480201
41.978866712067855 -0.11271295879463655 0.00776053627659614
41.98098595935231 -0.11244671126136119 0.007760153769155292
41.983105206636765 -0.11216345804387697 0.007758571566802722
41.98522445392122 -0.11186340038918156 0.007755823603861686
41.987343701205674 -0.11154673954427262 0.0077519438146554384
41.98946294849013 -0.11121367675614785 0.007746966133507228
41.99158219577459 -0.11086441327180373 0.0077409244947402945
41.993701443059045 -0.11049915033824022 0.007733852832677929
41.9958206903435 -0.11011808920245388 0.007725785081643361
41.997939937627955 -0.10972143111144238 0.007716755175959855
42.00005918491241 -0.10930937731220335 0.007706797049950652
42.002178432196864 -0.10888212905173454 0.00769594463793902
42.004297679481326 -0.10843988757703205 0.007684231874248161
42.00641692676578 -0.1079828541350965 0.007671692693201409
42.008536174050235 -0.1075112299729242 0.007658361029121987
42.01065542133469 -0.10702521633751269 0.0076442708163331425
42.012774668619144 -0.10652501447585974 0.007629455989158131
42.0148939159036 -0.10601082563496302 0.0076139504819202055
42.01701316318806 -0.10548285106181832 0.007597788228942566
42.019132410472515 -0.10494129200342693 0.0075810031645485755
42.02125165775697 -0.10438634970678473 0.007563629223061429
42.023370905041425 -0.10381822541888941 0.0075457003388043845
42.02549015232588 -0.10323712038673864 0.007527250446100697
42.027609399610334 -0.10264323585733007 0.007508313479273619
42.029728646894796 -0.10203677307765938 0.007488923372646341
42.03184789417925 -0.10141793329472819 0.00746911406054224
42.033967141463705 -0.1007869177555323 0.007448919477284511
42.03608638874816 -0.10014392770706927 0.00742837355719641
42.038205636032615 -0.09948916439633682 0.007407510234601182
42.04032488331707 -0.0988228290703326 0.007386363443822089
42.042444130601524 -0.09814512297605431 0.007364967119182383
42.044563377885986 -0.09745624736049724 0.007343355195005244
42.04668262517044 -0.09675640347066373 0.007321561605614071
42.048801872454895 -0.09604579255354914 0.007299620285332043
42.05092111973935 -0.09532461585615111 0.007277565168482418
42.053040367023804 -0.09459307462546737 0.007255430189388448
42.055159614308266 -0.09385137010849304 0.007233249282373311
42.05727886159272 -0.09309970355223077 0.007211056381760412
42.059398108877176 -0.09233827620367578 0.007188885421872929
42.06151735616163 -0.09156728930982574 0.007166770337034117
42.063636603446085 -0.0907869441176783 0.007144745061567228
42.06575585073054 -0.08999744187423114 0.007122843529795517
42.067875098014994 -0.08919898382648196 0.007101099676042239
42.069994345299456 -0.08839177122142565 0.007079547434630572
42.07211359258391 -0.08757600530606534 0.007058220739883921
42.074232839868365 -0.08675188732739599 0.00703715352612546
42.07635208715282 -0.08591961853241524 0.007016379727678445
42.078471334437275 -0.08507940009732891 0.006995933264507363
42.08059058172174 -0.08423138309919906 0.0069758378949349035
42.08270982900619 -0.08337558065612688 0.00695608939497531
42.084829076290646 -0.08251198234393312 0.0069366787655481205
42.0869483235751 -0.08164057773844145 0.006917597007572944
42.089067570859555 -0.08076135641547551 0.006898835121969391
42.09118681814401 -0.07987430795085894 0.0068803841096570706
42.093306065428465 -0.07897942192041532 0.006862234971555589
42.095425312712926 -0.07761567621248927 0.002211399085930942
42.09754455999738 -0.07664896317207558 0.002211868371427995
42.099663807281836 -0.07567433991878288 0.0022121465887134134
42.10178305456629 -0.07469188791512402 0.002212238010295683
42.103902301850745 -0.07370168833094938 0.002212146776887968
42.1060215491352 -0.0727038220963556 0.0022118769027158983
42.10814079641966 -0.0716983699526167 0.002211432280719712
42.110260043704116 -0.07068541250115709 0.002210816687650938
42.11237929098857 -0.06966503025051468 0.0022100337890637585
42.114498538273025 -0.06863730366136027 0.002209087144201262
42.11661778555748 -0.06760231318952045 0.002207980210776719
42.118737032841935 -0.06656013932702179 0.0022067163496500767
42.1208562801264 -0.06551086264114583 0.0022052988293998084
42.12297552741085 -0.06445456381151236 0.0022037308307903208
42.125094774695306 -0.06339132366513332 0.0022020154511349934
42.12721402197976 -0.062321223209502404 0.002200155708555083
42.129333269264215 -0.06124434366366151 0.002198154546134569
42.13145251654867 -0.060160766487257725 0.0021960148359710654
42.13357176383313 -0.0590705734075762 0.0021937393831229232
42.135691011117586 -0.05797384644456168 0.0021913309294526355
42.13781025840204 -0.05687066793376401 0.0021887921573665223
42.139929505686496 -0.05576112054726983 0.0021861256934508936
42.14204875297095 -0.05464528731255381 0.00218333411200462
42.144168000255405 -0.053523251629257806 0.0021804199384681594
42.14628724753987 -0.052395097283876424 0.0021773856527490254
42.14840649482432 -0.05126090846235579 0.0021742336924436972
42.150525742108776 -0.050120769760532057 0.0021709664559557773
42.15264498939323 -0.04897476619246637 0.0021675863055104793
42.154764236677686 -0.04782298319660016 0.002164095570065176
42.15688348396214 -0.04666550663973163 0.0021604965481158986
42.1590027312466 -0.04550242281878279 0.0021567915103995598
42.16112197853106 -0.044333818460355515 0.0021529827024917266
42.16324122581551 -0.04315978071799153 0.00214907234729948
42.165360473099966 -0.041980397167185816 0.002145062647449267
42.16747972038442 -0.040795755798064305 0.0021409557875691795
42.169598967668875 -0.039605945005716854 0.0021367539364653093
42.17171821495334 -0.038411053578142645 0.002132459249191664
42.17383746223779 -0.03721117068179506 0.0021280738690131785
42.17595670952225 -0.03600638584462641 0.0021235999292610183
42.1780759568067 -0.03479678893667073 0.0021190395550797865
42.180195204091156 -0.03358247014805965 0.002114394865065681
42.18231445137561 -0.03236351996444844 0.0021096679727948976
42.18443369866007 -0.031140029139793093 0.002104860988241349
42.18655294594453 -0.029912088666450252 0.0020999760190828594
42.18867219322898 -0.028679789742481455 0.0020950151718945294
42.190791440513436 -0.027443241834525012 0.002089980819812186
42.19291068779789 -0.02620263833206784 0.00208487657025523
42.195029935082346 -0.024958196971535267 0.0020797063868145424
42.19714918236681 -0.023710135587577768 0.0020744742324482583
42.19926842965126 -0.022458672086806214 0.002069184069672168
42.20138767693572 -0.021204024424637136 0.0020638398607781003
42.20350692422017 -0.019946410582911647 0.0020584455680450055
42.205626171504626 -0.018686048548226128 0.0020530051539424223
42.20774541878908 -0.017423156291003165 0.0020475225813264015
42.20986466607354 -0.01615795174530017 0.0020420018136277497
42.211983913358 -0.014890652789388835 0.0020364468150326186
42.21410316064245 -0.013621477227052392 0.0020308615506550356
42.21622240792691 -0.012350642769697683 0.002025249986701594
42.21834165521136 -0.011078367019233112 0.0020196160906278755
42.220460902495816 -0.009804867451754715 0.0020139638312865215
42.22258014978028 -0.00853036140205039 0.0020082971790667077
42.22469939706473 -0.007255066048968901 0.0020026201060249246
42.22681864434919 -0.005979198401612082 0.001996936586006531
42.22893789163364 -0.004702975286460279 0.0019912505947581967
42.231057138918096 -0.0034266133353934468 0.0019855661100306784
42.23317638620255 -0.0021503289746613533 0.0019798871116717557
42.23529563348701 -0.0008743384148242577 0.001974217581708968
42.23741488077147 0.0004011423582791674 0.0019685615044219605
42.23953412805592 0.0016758975915680426 0.001962922866403811
42.24165337534038 0.002949711771640258 0.001957305656611379
42.24377262262483 0.004222369630606953 0.0019517138664040235
42.245891869909286 0.005493656150778864 0.0019461514895704613
42.24801111719375 0.006763356568175605 0.0019406225223433363
42.2501303644782 0.008031256374794715 0.0019351309634012407
42.25224961176266 0.009297141319665553 0.0019296808138575343
42.25436885904711 0.010560797408564084 0.0019242760772359422
42.25648810633157 0.0118220109024133 0.0019189207594322794
42.25860735361602 0.013080568314304443 0.0019136188686620173
42.26072660090048 0.014336256405108622 0.0019083744153933027
42.26284584818494 0.015588862177615126 0.0019031914122651485
42.26496509546939 0.016838172869221596 0.0018980738739901805
42.26708434275385 0.018083975943055147 0.001893025817241948
42.2692035900383 0.019326059077551864 0.0018880512605262013
42.27132283732276 0.020564210154435453 0.0018831542240359278
42.27344208460722 0.021798217245070833 0.0018783387294898286
42.27556133189167 0.023027868595137994 0.0018736087999540523
42.27768057917613 0.024252952607660267 0.0018689684596467264
42.27979982646058 0.02547325782427934 0.0018644217337253795
42.28191907374504 0.026688572904817458 0.0018599726480568563
42.28403832102949 0.027898686605083437 0.0018556252289696803
42.28615756831395 0.0291033877529164 0.0018513835029887408
42.28827681559841 0.03030246522243255 0.0018472514965523475
42.29039606288286 0.03149570790652997 0.0018432332357114368
42.29251531016732 0.03268290468756976 0.0018393327458112688
42.29463455745177 0.03386384440629856 0.0018355540511555187
42.29675380473623 0.0350383158289985 0.0018319011746530092
42.29887305202069 0.036206107612888366 0.0018283781374472947
42.30099229930514 0.037367018588245864 0.0018249889737865855
42.3031115465896 0.0385209296574493 0.0018217378369814721
42.30523079387405 0.03966776083626157 0.0018186289355237438
42.30735004115851 0.040807432127123976 0.001815666474896417
42.30946928844296 0.04193986327246087 0.0018128546568711161
42.311588535727424 0.043064973754619505 0.0018101976791614603
42.31370778301188 0.04418268279673219 0.0018076997350698356
42.31582703029633 0.04529290936458469 0.0018053650131281806
42.31794627758079 0.04639557216944061 0.0018031976967337578
42.32006552486524 0.047490589671901944 0.001801201963780664
42.3221847721497 0.04857788031358335 0.00179938195897843
42.32430401943416 0.04965737591178545 0.0017977401814977712
42.32642326671861 0.050729029163689855 0.0017962765847222312
42.32854251400307 0.05179279438117789 0.0017949909016907715
42.33066176128752 0.05284862570951683 0.0017938828648493142
42.33278100857198 0.05389647716195288 0.001792952206950468
42.33490025585643 0.054936302653363654 0.0017921986618990356
42.337019503140894 0.055968056032914534 0.0017916219655414415
42.33913875042535 0.05699169111563468 0.0017912218563973165
42.3412579977098 0.05800716171290369 0.0017909980763315576
42.34337724499426 0.05901442166171868 0.001790950371165339
42.34549649227871 0.06001342485273448 0.001791078491224611
42.34761573956317 0.06100412525699924 0.0017913821918247904
42.34973498684763 0.06198647695133589 0.0017918612336904685
42.351854234132084 0.06296043414229738 0.0017925153833091088
42.35397348141654 0.06392595118869386 0.0017933444132178776
42.35609272870099 0.06488298262257815 0.0017943481022228728
42.35821197598545 0.06583148316869429 0.0017955262355502264
42.3603312232699 0.06677140776232744 0.0017968786049287024
42.362450470554364 0.06770271156552432 0.0017984050086036101
42.36456971783882 0.06862534998163031 0.0018001052512819893
42.366688965123274 0.06953927866816072 0.001801979144009336
42.36880821240773 0.07044445354791704 0.0018040265039781244
42.37092745969218 0.07134083081837375 0.0018062471542687822
42.37304670697664 0.07222836695929993 0.0018086409235238356
42.3751659542611 0.07310701873860857 0.0018112076455561973
42.377285201545554 0.07397674321640912 0.0018139471588926922
42.37940444883001 0.07483749774730422 0.0018168593062542898
42.38152369611446 0.0756892399808738 0.0018199439339743983
42.38364294339892 0.07653192786039818 0.0018232008913570653
42.38576219068337 0.07736551961981476 0.0018266300299769303
42.387881437967835 0.07818997377893137 0.001830231202923019
42.39000068525229 0.0790052491369019 0.0018340042639885526
42.392119932536744 0.07981130476403323 0.0018379490668093505
42.3942391798212 0.08060809999190056 0.0018420654639531495
42.39635842710565 0.08139559440184944 0.001846353305962717
42.39847767439011 0.08217374781191036 0.0018508124403555273
42.40059692167457 0.08294252026217686 0.0018554427105829886
42.402716168959024 0.08370187199868342 0.0018602439549522045
42.40483541624348 0.08445176345587642 0.0018652160055136833
42.406954663527934 0.08519215523768545 0.0018703586869179493
42.40907391081239 0.085923008097297 0.0018756718152446391
42.41119315809684 0.086644283575063 0.001881155102740958
42.413312405381305 0.0873559530609477 0.00188680685366028
42.41543165266576 0.08805799529718349 0.0018926242921122997
42.417550899950214 0.08875038897872463 0.001898604606708251
42.41967014723467 0.08943311254246616 0.0019047449787404321
42.421789394519124 0.09010614415020428 0.0019110425830839287
42.42390864180358 0.09076946167351183 0.0019174945890705708
42.42602788908804 0.09142304268050186 0.0019240981613335303
42.428147136372495 0.09206686442442964 0.0019308504606210441
42.43026638365695 0.09270090383412319 0.0019377486445783948
42.432385630941404 0.09332513750615111 0.0019447898684967302
42.43450487822586 0.0939395416987101 0.0019519712860282586
42.43662412551031 0.09454410101443805 0.0019592901354991634
42.438743372794775 0.09513887143022823 0.0019667443622579245
42.44086262007923 0.09572394397319627 0.001974332262287238
42.442981867363685 0.09629940967210814 0.001982052137613059
42.44510111464814 0.09686535932845723 0.0019899022946245847
42.447220361932594 0.09742188353476594 0.0019978810447626263
42.44933960921705 0.09796907269252969 0.002005986705138226
42.45145885650151 0.09850701702977768 0.0020142175990829126
42.453578103785965 0.09903580661821468 0.00202257205663192
42.45569735107042 0.09955553138994787 0.0020310484149424065
42.457816598354874 0.1000662811537439 0.002039645018647853
42.45993584563933 0.10056814561082619 0.002048360220150875
42.462055092923784 0.10106121437018857 0.0020571923798562
42.464174340208245 0.1015455769634175 0.0020661398663458365
42.4662935874927 0.10202132285900484 0.0020752010564982614
42.468412834777155 0.10248854147616934 0.002084374335554154
42.47053208206161 0.10294732219815067 0.002093658097130131
42.472651329346064 0.10339775438499871 0.002103050743183047
42.47477057663052 0.10383992738584867 0.0021125506839267463
42.47688982391498 0.10427393055068669 0.0021221563377034278
42.479009071199435 0.10469985324160166 0.002131866130811478
42.48112831848389 0.10511778484354947 0.0021416784972922978
42.483247565768345 0.10552781477460779 0.0021515918786774693
42.4853668130528 0.10593003249575085 0.0021616047236987057
42.487486060337254 0.10632452752014437 0.0021717154879623006
42.489605307621716 0.10671138942197345 0.002181922633589995
42.49172455490617 0.10709070784480655 0.0021922246288278487
42.493843802190625 0.10746257250952677 0.002202619947625375
42.49596304947508 0.1078270732218164 0.0022131070691859146
42.498082296759534 0.10818429987922762 0.0022236844774903594
42.50020154404399 0.10853434247784458 0.002234350660795558
42.50232079132845 0.10887729111855342 0.002245104111108928
42.504440038612906 0.10921323601292707 0.0022559433236404303
42.50655928589736 0.10954226748875699 0.002266866796233776
42.508678533181815 0.10986447599522259 0.00227787302877735
42.51079778046627 0.11017995210773099 0.0022889605225965702
42.512917027750724 0.11048878653243463 0.0023001277798285332
42.515036275035186 0.11079107011044356 0.002311373302780028
42.51715552231964 0.11108689382174082 0.002322695593269625
42.519274769604095 0.11137634878883121 0.00233409315195525
42.52139401688855 0.1116595263508125 0.002345564491339815
42.523513264173005 0.11193652034589105 0.002357108577327905
42.52563251145746 0.11220742758257327 0.0023687249232753173
42.52775175874192 0.1124723451481093 0.002380413070280233
42.529871006026376 0.11273137023699838 0.0023921725540115056
42.53199025331083 0.11298460015058838 0.0024040029046293026
42.534109500595285 0.11323213229666676 0.0024159036467067837
42.53622874787974 0.1134740641890568 0.0024278742991533067
42.538347995164195 0.11371049344721552 0.002439914375138826
42.540467242448656 0.11394151779583689 0.002452023382019484
42.54258648973311 0.11416723506445588 0.0024642008212640448
42.544705737017566 0.11438774318706754 0.002476446188381699
42.54682498430202 0.11460314020174589 0.0024887589728503443
42.548944231586475 0.11481352431890181 0.0025011386569462214
42.55106347887093 0.11501900862332391 0.0025135844800796073
42.55318272615539 0.11521973935201592 0.0025260951457765387
42.555301973439846 0.11541586729211495 0.002538669279912772
42.5574212207243 0.11560754327914537 0.002551305502859662
42.559540468008755 0.11579491818858563 0.0025640024296359506
42.56165971529321 0.1159781429277056 0.0025767586700557203
42.563778962577665 0.11615736842766289 0.002589572828872272
42.56589820986213 0.11633274563585336 0.002602443505918034
42.56801745714658 0.11650442550850526 0.002615369296240265
42.570136704431036 0.11667255900351917 0.00262834879023322
42.57225595171549 0.11683729707353505 0.0026413805737659462
42.574375198999945 0.11692268382247062 0.0010312682247753519
42.5764944462844 0.11706228324855693 0.0010410861500857829
42.578613693568855 0.11720077263253102 0.001050740121694424
42.580732940853316 0.11733820319243148 0.001060236241876796
42.58285218813777 0.11747462868168008 0.0010695803480791064
42.584971435422226 0.1176101051721122 0.0010787780315458916
42.58709068270668 0.11774469085286654 0.0010878346546302343
42.589209929991135 0.11787844584392596 0.0010967553668924067
42.5913291772756 0.11801143202320634 0.001105545120082287
42.59344842456005 0.11814371286619273 0.0011142086820920853
42.595567671844506 0.11827535329722191 0.0011227506499585454
42.59768691912896 0.11840641955157835 0.0011311754619856256
42.599806166413416 0.11853697904766003 0.0011394874090532654
42.60192541369787 0.11866710026852723 0.0011476906451714265
42.604044660982325 0.11879685265221253 0.0011557891973335802
42.60616390826679 0.1189263064902229 0.001163786974719086
42.60828315555124 0.11905553283371148 0.0011716877772894418
42.610402402835696 0.11918460340685136 0.0011794953038200954
42.61252165012015 0.11931359052696618 0.0011872131594050498
42.614640897404605 0.11944256703102689 0.001194844862469271
42.61676014468907 0.11957160620814591 0.001202393851320473
42.61887939197352 0.11970078173773116 0.001209863490269251
42.62099863925798 0.11983016763299814 0.0012172570753446544
42.62311788654243 0.11995983818954689 0.001224577839629232
42.625237133826886 0.12008986793874964 0.0012318289582365057
42.62735638111134 0.12022033160570417 0.001239013552951477
42.629475628395795 0.12035130407153126 0.001246134696553332
42.63159487568026 0.12048286029521538 0.0012531954190821608
42.63371412296471 0.12061507003265184 0.0012601989759359012
42.635833370249166 0.12074799277789365 0.001267149105216431
42.63795261753362 0.12088168668869019 0.0012740495810050195
42.640071864818076 0.12101620973505059 0.0012809041575460142
42.64219111210254 0.12115161969386601 0.0012877165714451082
42.64431035938699 0.12128797414670654 0.0012944905436761127
42.64642960667145 0.12142533048069278 0.0013012297814049415
42.6485488539559 0.12156374589232967 0.0013079379796382435
42.650668101240356 0.12170327739421187 0.001314618822704461
42.65278734852481 0.1218439818245 0.0013212759855742114
42.654906595809265 0.12198591585907755 0.001327913135026676
42.65702584309373 0.12212913602629691 0.0013345339306683455
42.65914509037818 0.12227369872422389 0.00134114202581001
42.66126433766264 0.12241966024030129 0.00134774106820807
42.66338358494709 0.12256707366462555 0.0013543347154014488
42.665502832231546 0.12271595086405114 0.0013609268154374404
42.667622079516 0.12286627452000005 0.0013675213503001682
42.66974132680046 0.12301802669003428 0.0013741223009522136
42.67186057408492 0.12317118944951372 0.0013807336445530128
42.67397982136937 0.1233257449142045 0.0013873593545322249
42.676099068653826 0.12348167526095462 0.0013940034005975625
42.67821831593828 0.1236389627464982 0.0014006697486803694
42.680337563222736 0.12379758972443719 0.0014073623608217194
42.6824568105072 0.12395753866044802 0.0014140851950018942
42.68457605779165 0.1241187921457536 0.0014208422049158678
42.68669530507611 0.12428133290891191 0.0014276373396978498
42.68881455236056 0.12444514382594739 0.0014344745435970877
42.690933799645016 0.12461020792887242 0.0014413577556078882
42.69305304692947 0.12477650841262902 0.0014482909090562934
42.69517229421393 0.1249440286404867 0.0014552779311460032
42.69729154149839 0.12511275214792555 0.0014623227424659054
42.69941078878284 0.12528266264504379 0.0014694292564620347
42.7015300360673 0.12545374401750967 0.00147660137887594
42.70364928335175 0.12562598032609607 0.0014838430071522088
42.705768530636206 0.1257993558048242 0.001491158029817393
42.70788777792067 0.12597385485774681 0.0014985503258327301
42.71000702520512 0.12614946205439692 0.001506023763922806
42.71212627248958 0.126326162123941 0.0015135822018828241
42.71424551977403 0.12650393994805406 0.001521229485866207
42.71636476705849 0.12668278055255688 0.0015289694496551114
42.71848401434294 0.1268626690978419 0.0015368059139158517
42.7206032616274 0.12704359086812192 0.0015447426854414078
42.72272250891186 0.12722553125952954 0.0015527835563829146
42.72484175619631 0.12740847576711148 0.0015609323034725536
42.72696100348077 0.127592409970739 0.0015691926872392781
42.72908025076522 0.12777731951998011 0.0015775684512196885
42.731199498049676 0.12796319011796692 0.001586063321165743
42.73331874533414 0.12815000750429756 0.0015946810042511762
42.73543799261859 0.1283377574370084 0.0016034251882781718
42.73755723990305 0.12852642567366673 0.0016122995408864157
42.7396764871875 0.12871599795161398 0.0016213077087655569
42.74179573447196 0.12890645996651642 0.00163045331672018
42.74391498175641 0.12909779494158194 0.0016397395576044109
42.74603422904087 0.12928997831958444 0.0016491683085378367
42.74815347632533 0.12948298380692075 0.0016587411847020686
42.75027272360978 0.1296767848500635 0.0016684597990280303
42.75239197089424 0.12987135460342022 0.0016783257630219887
42.75451121817869 0.1300666658961911 0.0016883406872903954
42.75663046546315 0.1302626911983378 0.0016985061817787173
42.75874971274761 0.13045940258577582 0.0017088238557402822
42.76086896003206 0.13065677170489468 0.0017192953174512968
42.76298820731652 0.13085476973652269 0.0017299221736891623
42.76510745460097 0.13105336735942288 0.001740706028990046
42.76722670188543 0.13125253471342865 0.001751648484702843
42.76934594916988 0.13145224136230743 0.0017627511378556842
42.77146519645434 0.13165245625644303 0.001774015579851153
42.7735844437388 0.1318531476954177 0.0017854433950056613
42.77570369102325 0.132054283292163 0.0017970361590462004
42.77782293830771 0.13225583709067534 0.0018087958794556444
42.77994218559216 0.13245780608791685 0.0018207260224906562
42.78206143287662 0.13266019160986847 0.0018328303716309633
42.78418068016108 0.13286299446236324 0.0018451127290112078
42.78629992744553 0.13306621493034507 0.0018575769151719071
42.78841917472999 0.13326985277613942 0.0018702267686040615
42.79053842201444 0.13347390723674618 0.0018830661450962088
42.7926576692989 0.13367837702017557 0.0018960989168930423
42.79477691658335 0.13388326030082484 0.001909328971672767
42.796896163867814 0.1340885547138887 0.0019227602113496898
42.79901541115227 0.13429425734878075 0.0019363965507071981
42.80113465843672 0.13450036474155103 0.0019502419158663328
42.80325390572118 0.1347068728662501 0.001964300242592718
42.80537315300563 0.13491377712520924 0.001978575474445407
42.80749240029009 0.1351210718257434 0.00199307153125337
42.80961164757455 0.13532871600045054 0.0020077903387543204
42.811730894859004 0.1355366123046854 0.00202273061044129
42.81385014214346 0.13574465848932762 0.002037890809707811
42.81596938942791 0.13595275258293618 0.002053269446073284
42.81808863671237 0.13616079291371952 0.002068865074133171
42.82020788399682 0.13636867812381653 0.002084676291995735
42.822327131281284 0.13657630717607466 0.0021007017392196165
42.82444637856574 0.13678357935352148 0.0021169400942670957
42.82656562585019 0.13699039425175374 0.002133390071489954
42.82868487313465 0.13719665176445475 0.002150050417663829
42.8308041204191 0.13740225206228748 0.0021669199080896475
42.83292336770356 0.1376070955654052 0.002183997342280298
42.83504261498802 0.13781108290983685 0.0022012815392518075
42.837161862272474 0.13801411490800572 0.002218771332438369
42.83928110955693 0.13821609250366176 0.0022364655642522803
42.84140035684138 0.13841691672148887 0.0022543630803082033
42.84351960412584 0.1386164886116764 0.0022724627233334767
42.84563885141029 0.13881470918973357 0.0022907633267852047
42.847758098694754 0.13901147937183236 0.002309263708195433
42.84987734597921 0.1392066999059591 0.002327962662265213
42.851996593263664 0.139400271299169 0.0023468589537296233
42.85411584054812 0.13959210603131353 0.0023659516941458244
42.85623508783257 0.13978218267508036 0.002385242028041626
42.85835433511703 0.1399705031485121 0.0024047317921184535
42.86047358240149 0.14015707099335306 0.002424422833719507
42.862592829685944 0.14034189141623457 0.0024443170098818086
42.8647120769704 0.1405249713329087 0.002464416186560145
42.86683132425485 0.140706319400752 0.002484722237576579
42.86895057153931 0.14088594604002175 0.002505237043326912
42.87106981882376 0.141063863444269 0.0025259624892709606
42.873189066108225 0.14124008558026463 0.0025469004642312237
42.87530831339268 0.14141462817773434 0.0025680528585211295
42.877427560677134 0.14158750870916992 0.002589421561923003
42.87954680796159 0.14175874635992256 0.0026110084615309165
42.88166605524604 0.14192836198876949 0.002632815439473769
42.8837853025305 0.14209637807910655 0.0026548443705302557
42.88590454981496 0.14226281868089813 0.0026770971196459327
42.888023797099414 0.1424277093434926 0.002699575539360061
42.89014304438387 0.1425910761652628 0.00272228134199885
42.892262291668324 0.14275292624666816 0.0027452133107733405
42.89438153895278 0.14291324764225555 0.0027683673045133046
42.89650078623723 0.1430720290183717 0.0027917390851680125
42.898620033521695 0.14322926051003163 0.002815324454871378
42.90073928080615 0.1433849336558233 0.002839119262378182
42.902858528090604 0.1435390413172194 0.002863119408608358
42.90497777537506 0.14369157758260753 0.002887320851307398
42.907097022659514 0.14384253765643065 0.002911719608837048
42.90921626994397 0.1439919177338794 0.0029363117631119972
42.91133551722843 0.14413971486164232 0.002961093461701827
42.913454764512885 0.14428592678527152 0.0029860609191194832
42.91557401179734 0.1444305517837914 0.0030112104173218197
42.917693259081794 0.14457358849220947 0.0030365383054470896
42.91981250636625 0.1447150357126606 0.003062040998819274
42.9219317536507 0.14485489221495182 0.00308771497724929
42.924051000935165 0.1449931602568282 0.0031135568466847522
42.92617024821962 0.14512994229777915 0.00313956500044725
42.928289495504075 0.14526545002338076 0.003165739776111902
42.93040874278853 0.14539990022914884 0.003192081669252026
42.932527990072984 0.1455335091705602 0.0032185912363524804
42.93464723735744 0.14566649243620325 0.0032452690920762297
42.9367664846419 0.14579906481267502 0.003272115905976702
42.938885731926355 0.1459314401425146 0.0032991323987042486
42.94100497921081 0.14618883649544193 0.0013454671811064288
42.943124226495264 0.14634751697732934 0.0013594874216487961
42.94524347377972 0.14650786018562942 0.001373375720386632
42.947362721064174 0.1466699293948097 0.0013871391701308889
42.949481968348636 0.14683378813758943 0.0014007846456871394
42.95160121563309 0.14699949993467762 0.00141431882287408
42.953720462917545 0.1471671280439953 0.0014277481959597308
42.955839710202 0.14733673522839077 0.0014410790936555875
42.957958957486454 0.14750838354099063 0.0014543176937968502
42.96007820477091 0.14768213412741096 0.0014674700368235117
42.96219745205537 0.1478580470441367 0.001480542038166332
42.964316699339825 0.148036173495874 0.0014935394405048911
42.96643594662428 0.14821649216767638 0.0015064673279350702
42.968555193908735 0.14839894178463406 0.001519330384994119
42.97067444119319 0.14858345994598668 0.001532133208401438
42.972793688477644 0.1487699837403359 0.001544880322096355
42.974912935762106 0.14895844994375743 0.0015575761882254066
42.97703218304656 0.14914879519792976 0.0015702252172100813
42.979151430331015 0.14934095616871607 0.0015828317769432934
42.98127067761547 0.1495348696857348 0.0015954002011587338
42.983389924899924 0.14973047286357688 0.0016079347970163638
42.98550917218438 0.14992770320539645 0.0016204398519441936
42.98762841946884 0.15012649868966824 0.0016329196397747681
42.989747666753296 0.15032679784094855 0.001645378426212515
42.99186691403775 0.1505285397855197 0.0016578204736671632
42.993986161322205 0.15073166429279905 0.001670250045485279
42.99610540860666 0.1509361118034176 0.0016826714096117728
42.998224655891114 0.15114182344486224 0.0016950888417108217
43.000343903175576 0.15134874103556625 0.001707506627774503
43.00246315046003 0.1515568070783089 0.0017199290662456915
43.004582397744485 0.15176597504302017 0.0017323605891132903
43.00670164502894 0.15197624991140557 0.001744806231359464
43.008820892313395 0.1521876529786302 0.0017572712196075083
43.01094013959785 0.15240020618602199 0.0017697607907940635
43.01305938688231 0.15261393211566068 0.0017822801930018133
43.015178634166766 0.15282885398323334 0.0017948346860505223
43.01729788145122 0.15304499562546603 0.0018074295418117122
43.019417128735675 0.1532623814827714 0.0018200700442613338
43.02153637602013 0.15348103657772288 0.001832761489285631
43.023655623304585 0.1537009864898949 0.0018455091842538374
43.025774870589046 0.15392225732756065 0.0018583184473710795
43.0278941178735 0.15414487569667873 0.0018711946068239104
43.030013365157956 0.15436886866756075 0.0018841429997312224
43.03213261244241 0.15459426373953702 0.0018971689709112321
43.034251859726865 0.15482108880391057 0.0019102778714762086
43.03637110701132 0.15504937210542438 0.0019234750572651867
43.03849035429578 0.1552791422024278 0.001936765887124803
43.040609601580236 0.1555104227998943 0.001950155845860936
43.04272884886469 0.1557431661944067 0.0019636521625911976
43.044848096149146 0.1559772720904097 0.0019772633515578453
43.0469673434336 0.15621263884322717 0.001990997960090598
43.049086590718055 0.15644916451041538 0.002004864537366748
43.05120583800252 0.15668674668977858 0.002018871632618894
43.05332508528697 0.15692528236147038 0.0020330277931630077
43.055444332571426 0.1571646677339708 0.0020473415622554877
43.05756357985588 0.15740479809368418 0.00206182147678561
43.059682827140335 0.15764556765791105 0.002076476064810884
43.06180207442479 0.15788686943091376 0.0020913138429413587
43.06392132170925 0.15812859506277807 0.0021063433135789
43.06604056899371 0.1583706347107449 0.0021215729620166525
43.06815981627816 0.15861287690267997 0.0021370112534046587
43.070279063562616 0.1588552084022936 0.0021526666295855227
43.07239831084707 0.15909751407572906 0.002168547505805522
43.074517558131525 0.15933968201014556 0.002184662318393325
43.07663680541599 0.1595816935936071 0.002201020398410446
43.07875605270044 0.1598236121032586 0.0022176318563367063
43.080875299984896 0.16006550327110192 0.0022345068061437926
43.08299454726935 0.16030743291658117 0.002251655339890016
43.085113794553806 0.16054946732332934 0.002269087529013059
43.08723304183826 0.16079167359812047 0.002286813425443922
43.08935228912272 0.1610341200127213 0.0023048430625562523
43.09147153640718 0.16127687632913393 0.002323186455963193
43.09359078369163 0.16152001410856975 0.0023418536041737666
43.095710030976086 0.1617636070043216 0.002360854489117446
43.09782927826054 0.16200773103860344 0.002380199076546596
43.099948525544995 0.16225246486330622 0.0023998973163241815
43.10206777282946 0.16249789000454265 0.0024199591426038187
43.10418702011391 0.16274409109077587 0.0024403944739079093
43.10630626739837 0.16299115606429698 0.002461213213110339
43.10842551468282 0.16323917637575286 0.002482425247327335
43.110544761967276 0.1634882471614349 0.0025040404477218677
43.11266400925173 0.16373846740301895 0.0025260686692252037
43.114783256536185 0.16398994006946094 0.0025485197501793223
43.11690250382065 0.16424277098539905 0.002571403530776219
43.1190217511051 0.16449700837547132 0.002594730762913659
43.121140998389556 0.16475261479159178 0.002618513532401065
43.12326024567401 0.1650095476123353 0.002642764048442113
43.125379492958466 0.16526776560354584 0.002667494544434118
43.12749874024293 0.16552722869296504 0.002692717280460969
43.12961798752738 0.16578789774397484 0.0027184445454765476
43.13173723481184 0.16604973432877926 0.0027446886591823093
43.13385648209629 0.1663127005014401 0.0027714619735995866
43.135975729380746 0.16657675857132287 0.002798776874340129
43.1380949766652 0.16684187087758623 0.0028266457815768337
43.140214223949656 0.16710799956544378 0.002855081150717614
43.14233347123412 0.16737510636499858 0.002884095472785894
43.14445271851857 0.1676431523735065 0.002913701274511236
43.14657196580303 0.16791209784199015 0.0029439111181364303
43.14869121308748 0.16818190196712862 0.002974737600944925
43.150810460371936 0.16845252268939853 0.003006193354516828
43.1529297076564 0.16872391649843152 0.00303829104372084
43.15504895494085 0.16899603824654433 0.003071043365450535
43.15716820222531 0.16926885754199072 0.00310446230470285
43.15928744950976 0.1695424773585832 0.003138553811877134
43.16140669679422 0.1698170629608898 0.0031733209767638585
43.16352594407867 0.17009277503644646 0.00320876700837021
43.165645191363126 0.17036976894759445 0.0032448952516501532
43.16776443864759 0.1706481945074624 0.0032817091813208588
43.16988368593204 0.17092819581810667 0.0033192123935499745
43.1720029332165 0.17120991116745746 0.0033574085957394873
43.17412218050095 0.17149347298164136 0.003396301594618449
43.176241427785406 0.17177902144815 0.003435894195626177
43.17836067506987 0.1720667748233697 0.0034761825565368144
43.18047992235432 0.1723569768220039 0.0035171603245021535
43.18259916963878 0.1726498645246605 0.0035588211765613604
43.18471841692323 0.17294566545679477 0.003601158789123888
43.18683766420769 0.17324446895115225 0.0036441660576876757
43.18895691149214 0.17354617760218596 0.0036878347857888733
43.191076158776596 0.17385067650250763 0.0037321566628744766
43.19319540606106 0.17415784731849127 0.0037771233277596275
43.19531465334551 0.1744675691656958 0.003822726354124706
43.19743390062997 0.1747797194735108 0.0038689572359876163
43.19955314791442 0.17509417483537346 0.003915807373210088
43.20167239519888 0.175410811841377 0.003963268057097843
43.20379164248334 0.17572950789049 0.004011330456147195
43.20591088976779 0.17605014198000368 0.004059985601986197
43.20803013705225 0.17637259547022158 0.004109224375557278
43.2101493843367 0.17669675282272512 0.004159037493578148
43.21226863162116 0.17702250231091737 0.004209415495318919
43.21438787890561 0.17734973670183585 0.004260348729725391
43.216507126190066 0.17767835390852313 0.0043118273429150564
43.21862637347453 0.17800825761250852 0.00436384126606781
43.22074562075898 0.17833935785619823 0.004416380203727605
43.22286486804344 0.17867157160521685 0.004469433622530478
43.22498411532789 0.17900482328091546 0.004522990740363882
43.22710336261235 0.17933904526348887 0.004577040515964006
43.2292226098968 0.17967417836629263 0.0046315716389499625
43.23134185718126 0.18001018687268358 0.0046865719282133496
43.23346110446572 0.18034715330380138 0.004742024507157538
43.23558035175017 0.180685217611996 0.004797910309234482
43.23769959903463 0.18102452725979287 0.004854210112486564
43.23981884631908 0.18136523671827268 0.004910904560023729
43.24193809360354 0.1817075072467833 0.004967974168735571
43.244057340888 0.18205150670537085 0.005025399336401913
43.24617658817245 0.1823974093995668 0.005083160347263568
43.24829583545691 0.18274539595695255 0.005141237376123263
43.25041508274136 0.1830956532347011 0.005199610491042239
43.25253433002582 0.1834483742572049 0.0052582596547054656
43.25465357731027 0.18380375818278677 0.005317164724523629
43.256772824594734 0.18416201029845192 0.0053763054515398
43.25889207187919 0.18452334204161433 0.00543566147820427
43.26101131916364 0.18488797104776641 0.005495212335081673
43.2631305664481 0.18525612122305835 0.005554937436543426
43.26524981373255 0.18562802284084584 0.005614816075500811
43.26736906101701 0.1860039126613151 0.005674827417224901
43.26948830830147 0.18638403407338514 0.005734950492295912
43.27160755558592 0.18676863725817122 0.005795164188717533
43.27372680287038 0.18715792441921186 0.00585545181943889
43.27584605015483 0.18755181972179932 0.005915820226833517
43.27796529743929 0.1879501520481765 0.005976284424434048
43.28008454472374 0.18835274207363967 0.006036860278771044
43.282203792008204 0.18875940124118828 0.006097564544739226
43.28432303929266 0.18916993081984906 0.006158414892753475
43.28644228657711 0.18958412108304046 0.006219429924733017
43.28856153386157 0.19000175060585348 0.006280629179103913
43.29068078114602 0.19042258568093812 0.006342033124989655
43.29280002843048 0.1908463774095129 0.006403663806673493
43.29491927571494 0.1912727650256473 0.006465571007917474
43.297038522999394 0.1917013452586521 0.006527841659232061
43.29915777028385 0.19213191653444822 0.006590567557615835
43.3012770175683 0.19256429024108077 0.006653841335889807
43.30339626485276 0.19299826025101002 0.006717756190487946
43.30551551213721 0.19343360291963296 0.0067824058407255465
43.307634759421674 0.19387007719381416 0.006847884483437882
43.30975400670613 0.194307424826617 0.006914286743349408
43.31187325399058 0.19474537069438702 0.006981707619520895
43.31399250127504 0.19518362321215355 0.007050242428199476
43.31611174855949 0.19562187484316754 0.007119986742391967
43.31823099584395 0.19605980269812076 0.007191036328467108
43.32035024312841 0.19649706921931984 0.007263487080085544
43.322469490412864 0.19693332294476945 0.007337434949747272
43.32458873769732 0.1973681993468271 0.007412975878244988
43.32670798498177 0.19780132173971324 0.00749020572229748
43.32882723226623 0.19823230224989127 0.007569220180640015
43.33094647955068 0.198660742843001 0.007650114718837737
43.333065726835144 0.19908623640076403 0.007732984493083838
43.3351849741196 0.19950836784103 0.00781792427323482
43.337304221404054 0.19992671527397315 0.007905028365333133
43.33942346868851 0.20034085118725556 0.007994390533848303
43.34154271597296 0.2007503436529442 0.008086103923866871
43.34366196325742 0.20115475759206589 0.008180261006701918
43.34578121054188 0.20155366277529468 0.008276957019108256
43.347900457826334 0.20194664383481464 0.008376293712927297
43.35001970511079 0.20233329083359325 0.00847837299513476
43.352138952395244 0.2027131987663391 0.00858329602793581
43.3542581996797 0.20308596864110304 0.008691163227348246
43.35637744696415 0.20345120853399656 0.008802074263363002
43.358496694248615 0.20380853461041187 0.008916128061909766
43.36061594153307 0.20415757210659005 0.009033422808814914
43.362735188817524 0.20449795626593592 0.009154055955910321
43.36485443610198 0.20482933322499378 0.009278124229402187
43.36697368338643 0.2051513608446342 0.00940572364058759
43.36909293067089 0.20546370948258885 0.009536949498964681
43.37121217795535 0.20576606270410436 0.009671896427753296
43.373331425239805 0.20605811792811246 0.009810658381808458
43.37545067252426 0.20633958700695562 0.00995332866788987
43.377569919808714 0.20661019673829 0.010099999967207717
43.37968916709317 0.20686968930841612 0.010250764360156105
43.38180841437762 0.20711782266683415 0.010405713353113476
43.383927661662085 0.20735437083236738 0.010564937907172963
43.38604690894654 0.20757912413169033 0.01072852846864379
43.388166156230994 0.2077918894040045 0.010896574998938811
43.39028540351545 0.20799261167635535 0.01106915868059963
43.392404650799904 0.2081816452633126 0.011246333398693865
43.39452389808436 0.20835943198576076 0.01142814781784669
43.39664314536882 0.2085264187198925 0.01161465102210472
43.398762392653275 0.20868305628504347 0.011805892577194407
43.40088163993773 0.2088297984993078 0.012001922580188213
43.403000887222184 0.20896710138898128 0.012202791697733695
43.40512013450664 0.20909542253633728 0.012408551193977024
43.40723938179109 0.209215163465678 0.01261925228406922
43.409358629075555 0.20932651570337985 0.012834944339488997
43.41147787636001 0.2094296635836014 0.013055671688460176
43.413597123644465 0.20952500507085545 0.013281454289269745
43.41571637092892 0.20961300265480567 0.013512305089800945
43.417835618213374 0.20969411596528645 0.013748237779837144
43.41995486549783 0.20976880129656134 0.013989266794107629
43.42207411278229 0.20983751119831787 0.014235407308934373
43.424193360066745 0.20990069410897041 0.014486675235044424
43.4263126073512 0.2099587940273069 0.014743087206803637
43.428431854635654 0.2100122502189225 0.01500466056808899
43.43055110192011 0.21006149695427526 0.015271413355037308
43.432670349204564 0.21010696327555434 0.015543364275884427
43.434789596489026 0.21014907278988262 0.015820532688110164
43.43690884377348 0.2101882434866697 0.016102938573092675
43.439028091057935 0.21022488757720076 0.01639060250849173
43.44114733834239 0.21025941135477777 0.016683545638544826
43.443266585626844 0.21029221507393836 0.016981789642489798
43.4453858329113 0.2103236928474545 0.01728535670130533
43.44750508019576 0.21035423255996358 0.01759426946296574
43.449624327480215 0.21038421579721647 0.01790855100639518
43.45174357476467 0.21041401779003277 0.018228224804325104
43.453862822049125 0.2104440073721399 0.01855331468521871
43.45598206933358 0.21047454695114945 0.018883844794458447
43.458101316618034 0.21050599249197574 0.019219839554966013
43.460220563902496 0.2105386935120531 0.019561323627427754
43.46233981118695 0.21057299308773483 0.01990832187028314
43.464459058471405 0.2106092278712932 0.02026085929965213
43.46657830575586 0.21064772811794621 0.0206189610493299
43.468697553040315 0.2106888177223631 0.02098265233101043
43.47081680032477 0.21073281426409982 0.02135195839486824
43.47293604760923 0.21078002906142887 0.021726904490629084
43.475055294893686 0.21083076723302574 0.022107515829241354
43.47717454217814 0.21088532776698565 0.022493817545278173
43.479293789462595 0.2109440035966366 0.02288583466014665
43.48141303674705 0.21100708168262652 0.023283592046216068
43.483532284031504 0.21107484310076002 0.023687114391940826
43.485651531315966 0.2111475631350663 0.02409642616805538
43.48777077860042 0.21122551137558432 0.024511551594898227
43.489890025884876 0.2113089518203616 0.024932514610941998
43.49200927316933 0.21139814298116352 0.025359338842550053
43.494128520453785 0.2114933379924093 0.025792047575019187
43.49624776773824 0.21159478472285498 0.02623066372493167
43.4983670150227 0.2117027258895613 0.02667520981384239
43.500486262307156 0.21181739917369377 0.027125707943308177
43.50260550959161 0.21193903733772776 0.027582179771290315
43.504724756876065 0.21206786834363325 0.028044646489902507
43.50684400416052 0.212204115471647 0.02851312880452244
43.508963251444975 0.21234799743925048 0.02898764691424826
43.51108249872944 0.21249972851999344 0.02946822049368763
43.51320174601389 0.21265951866182178 0.0299548686760498
43.515320993298346 0.21282757360459784 0.03044761003754034
43.5174402405828 0.21300409499650566 0.030946462582997984
43.519559487867255 0.2131892805090723 0.03145144373276577
43.52167873515171 0.21338332395054718 0.031962570310751996
43.52379798243617 0.21358641537740586 0.032479858533646634
43.525917229720626 0.21379874120376186 0.03300332400124306
43.52803647700508 0.21402048430850268 0.03353298168784942
43.530155724289536 0.21425182413996438 0.034068845934711725
43.53227497157399 0.21449293681799983 0.03461093044343042
43.534394218858445 0.21474399523330379 0.03515924827031473
43.53651346614291 0.21500516914387688 0.03571381182163287
43.53863271342736 0.21527662526852548 0.036274632849700686
43.540751960711816 0.21555852737732578 0.03684172244979093
43.54287120799627 0.21585103637896846 0.037415091057780056
43.544990455280725 0.21615431040494157 0.0379947484485151
43.54710970256518 0.2164685048905106 0.03858070373484469
43.54922894984964 0.21679377265246738 0.03917296536727426
43.5513481971341 0.21713026396363072 0.03977154113419027
43.55346744441855 0.21747812662410926 0.040376438162641436
43.555586691703006 0.2178375060293141 0.040987662919596435
43.55770593898746 0.21820854523475203 0.04160522121366807
43.559825186271915 0.21859138501762052 0.04222911819725404
43.56194443355638 0.21898616393523787 0.04285935836906147
43.56406368084083 0.21939301838034161 0.04349594557696689
43.566182928125286 0.2198120826333213 0.04413888302120988
43.56830217540974 0.22024348891141138 0.044788173257845336
43.570421422694196 0.21086342403213787 0.053105504143037954
43.57254066997865 0.21096540447173862 0.053862836820713654
43.57465991726311 0.21107489305444796 0.054626574748288165
43.57677916454757 0.21119204195180682 0.05539670661576996
43.57889841183202 0.21131700161740766 0.056173220740299304
43.581017659116476 0.21144992078602975 0.05695610506521498
43.58313690640093 0.21159094647223708 0.05774534715912606
43.585256153685386 0.21174022396845157 0.0585409342149736
43.58737540096985 0.21189789684251512 0.05934285304908709
43.5894946482543 0.21206410693475075 0.06015109010021955
43.59161389553876 0.2122389943545421 0.06096563142860131
43.59373314282321 0.21242269747643153 0.06178646271495875
43.595852390107666 0.21261535293575615 0.06261356925953818
43.59797163739212 0.21281709562382733 0.06344693598111863
43.600090884676575 0.21302805868266453 0.06428654741601622
43.60221013196104 0.2132483734992925 0.06513238771708302
43.60432937924549 0.21347816969960431 0.06598444065268301
43.60644862652995 0.2137175751418114 0.06684268960568822
43.6085678738144 0.21396671590947045 0.06770711757243772
43.610687121098856 0.2142257163041062 0.0685777071617025
43.61280636838332 0.2144946988374321 0.06945444059364185
43.61492561566777 0.21477378422317078 0.07033729969873666
43.61704486295223 0.21506309136849155 0.0712262659167435
43.61916411023668 0.21536273736505304 0.07212132029561107
43.621283357521136 0.22479441329746633 0.10371494694431702
43.62340260480559 0.22483740292704835 0.10508265387794352
43.625521852090046 0.22487010052935597 0.10646146639948692
43.62764109937451 0.22587765300428128 0.1272720380682339
43.62976034665896 0.22637782702561463 0.12903304433886761
43.63187959394342 0.22689285039666135 0.1308104669356094
43.63399884122787 0.22742296771333942 0.13260436725052502
43.636118088512326 0.2279684235715667 0.13441480667567998
43.63823733579679 0.2285294625672629 0.13624184660314592
43.64035658308124 0.22910632929634217 0.13808554842497622
43.6424758303657 0.22969926835472423 0.13994597353324262
43.64459507765015 0.2303085243383269 0.14182318332001057
