logL Corr CorrErr
41.634295794080984 -0.20276705712350337 0.005980020606993066
41.63633756839022 -0.20305512494638525 0.005997932003281998
41.638379342699444 -0.2033482004925626 0.006015398092022148
41.64042111700868 -0.2036461534530879 0.00603242492811909
41.642462891317905 -0.20394885351900915 0.006049018566478154
41.64450466562714 -0.20425617038137883 0.0060651850620049115
41.646546439936365 -0.20456797373124494 0.0060809304696047
41.6485882142456 -0.20488413325966004 0.00609626084418308
41.650629988554826 -0.20520451865767206 0.006111182240645395
41.65267176286406 -0.20552899961633359 0.006125700713897203
41.654713537173286 -0.20585744582669255 0.006139822318843854
41.65675531148252 -0.20618972697980148 0.006153553110390894
41.65879708579175 -0.2065257127667083 0.006166899143443683
41.66083886010098 -0.2068652728784657 0.006179866472907766
41.662880634410214 -0.20720827700612263 0.006192461153688543
41.66492240871944 -0.20755459484072825 0.006204689240691426
41.666964183028675 -0.20790409607333513 0.006216556788821952
41.6690059573379 -0.20825665039499122 0.0062280698529854905
41.671047731647135 -0.20861212749674898 0.00623923448808757
41.67308950595636 -0.20897039706965645 0.006250056749033569
41.675131280265596 -0.20933132880476624 0.006260542690729008
41.67717305457482 -0.2096947923931261 0.006270698368079271
41.67921482888406 -0.21006065752578892 0.006280529835989878
41.68125660319328 -0.21042879389380223 0.006290043149366215
41.68329837750252 -0.21079907118821892 0.006299244363113792
41.685340151811744 -0.2111713591000868 0.0063081395321380055
41.68738192612098 -0.21154552732045848 0.006316734711344362
41.689423700430204 -0.21192144554038173 0.006325035955638258
41.69146547473944 -0.21229898345090947 0.0063330493199252
41.69350724904867 -0.21267801074309048 0.00634078085911061
41.6955490233579 -0.21305839710797386 0.006348236628099917
41.69759079766713 -0.21344001223661235 0.00635542268179862
41.69963257197636 -0.2138227258200537 0.0063623450751121215
41.70167434628559 -0.2142064075493507 0.006369009862945923
41.70371612059482 -0.21459092711555106 0.0063754231002054315
41.70575789490405 -0.21497615420970753 0.006381590841796136
41.70779966921328 -0.2153619585228679 0.0063875191426234525
41.709841443522514 -0.2157482097460849 0.00639321405759287
41.71188321783174 -0.21613477757040625 0.006398681641609801
41.713924992140974 -0.21652153168688476 0.006403927949579734
41.7159667664502 -0.21690834178656815 0.006408959036408088
41.718008540759435 -0.2172950775605092 0.006413780957000343
41.72005031506867 -0.21768160869975697 0.0064183997662619376
41.722092089377895 -0.21806780489536015 0.006422821519098307
41.72413386368713 -0.21845353583837196 0.0064270522704149334
41.726175637996356 -0.21883867121983966 0.006431098075117237
41.72821741230559 -0.2192230807308165 0.006434964988110701
41.730259186614816 -0.2196066340623498 0.006438659064300746
41.73230096092405 -0.21998920090549257 0.006442186358592851
41.73434273523328 -0.22037065095129252 0.0064455529258924445
41.73638450954251 -0.2207508538908024 0.006448764821105001
41.73842628385174 -0.22112967941506975 0.0064518280991359474
41.74046805816097 -0.22150699721514772 0.006454748814890757
41.7425098324702 -0.2218826769820837 0.006457533023274863
41.74455160677943 -0.2222565884069307 0.006460186779193733
41.74659338108866 -0.22262860118073624 0.006462716137552802
41.74863515539789 -0.2229985849945533 0.00646512715325754
41.750676929707126 -0.22336640953943068 0.006467425881213388
41.75271870401635 -0.22373194450641753 0.00646961837632579
41.754760478325586 -0.22409505958656656 0.006471710693500215
41.75680225263481 -0.2244556244709255 0.006473708887642096
41.75884402694405 -0.22481350885054707 0.0064756190136568996
41.76088580125327 -0.2251685824164791 0.0064774471264500665
41.76292757556251 -0.22552071485977426 0.00647919928092706
41.764969349871734 -0.2258697758714804 0.006480881531993318
41.76701112418097 -0.22621563514265017 0.006482499934554303
41.769052898490195 -0.22655816236433143 0.006484060543515457
41.77109467279943 -0.22689722722757683 0.006485569413782242
41.773136447108655 -0.22723269942343421 0.0064870326002601
41.77517822141789 -0.2275644486429561 0.006488456157854488
41.77721999572712 -0.22789234457719176 0.006489846141470858
41.77926177003635 -0.2282162569171902 0.006491208606014656
41.78130354434558 -0.228536055354004 0.006492549606391338
41.78334531865481 -0.22885160957868106 0.006493875197506352
41.785387092964044 -0.22916278928227396 0.006495191434265156
41.78742886727327 -0.22946946415583075 0.006496504371573193
41.789470641582504 -0.22977150389040368 0.006497820064335923
41.79151241589173 -0.23006877817704108 0.006499144567458787
41.793554190200965 -0.23036115670679524 0.006500483935847247
41.79559596451019 -0.23064850917071433 0.006501844224406748
41.797637738819425 -0.2309307052598506 0.006503231488042746
41.79967951312865 -0.23120761466525236 0.006504651781660687
41.801721287437886 -0.23147910707797173 0.006506111160166029
41.80376306174711 -0.23174505218905717 0.006507615678464216
41.805804836056346 -0.23200531968956076 0.006509171391460706
41.80784661036558 -0.23225977927053176 0.006510784354060951
41.80988838467481 -0.23250830062301964 0.006512460621170393
41.81193015898404 -0.2327507534380763 0.006514206247694494
41.81397193329327 -0.2329870074067503 0.006516027288538696
41.8160137076025 -0.23321693222009368 0.006517929798608465
41.81805548191173 -0.23344039756915488 0.00651991983280923
41.82009725622096 -0.23365727314498597 0.00652200344604647
41.82213903053019 -0.2338674286386354 0.00652418669322561
41.82418080483942 -0.23407073374115508 0.006526475629252122
41.82622257914865 -0.23426705814359383 0.006528876309031441
41.82826435345788 -0.2344562715370032 0.006531394787469037
41.83030612776711 -0.23463824361243213 0.006534037119470339
41.83234790207634 -0.23481284406093222 0.006536809359940823
41.83438967638558 -0.2349799425735529 0.006539717563785924
41.8364314506948 -0.2351394088413441 0.00654276778591109
41.83847322500404 -0.23529111255535706 0.006545966081221789
41.840514999313264 -0.23543492340664093 0.006549318504623454
41.8425567736225 -0.23557071108624716 0.006552831111021558
41.844598547931724 -0.23569834528760927 0.006556509955144223
41.84664032224096 -0.23581773352007945 0.006560358279649612
41.848682096550185 -0.2359289169016249 0.006564369391782015
41.85072387085942 -0.23603196604323545 0.00656853440562354
41.852765645168645 -0.2361269515558994 0.006572844435256252
41.85480741947788 -0.23621394405060656 0.006577290594762265
41.856849193787106 -0.23629301413834508 0.006581863998223638
41.85889096809634 -0.2363642324301049 0.006586555759722492
41.860932742405566 -0.23642766953687427 0.00659135699334088
41.8629745167148 -0.2364833960696428 0.006596258813160929
41.865016291024034 -0.23653148263939938 0.0066012523332647085
41.86705806533326 -0.23657199985713276 0.006606328667734285
41.869099839642494 -0.23660501833383232 0.006611478930651789
41.87114161395172 -0.23663060868048685 0.006616694236099267
41.873183388260955 -0.23664884150808577 0.006621965698158851
41.87522516257018 -0.23665978742761762 0.006627284430912584
41.877266936879415 -0.2366635170500717 0.006632641548442595
41.87930871118864 -0.23666010098643714 0.0066380281648309395
41.881350485497876 -0.23664960984770275 0.0066434353941597375
41.8833922598071 -0.2366321142448578 0.006648854350511045
41.88543403411634 -0.23660768478889116 0.006654276147966983
41.88747580842556 -0.2365763920907919 0.006659691900609603
41.8895175827348 -0.2365383067615491 0.006665092722521034
41.89155935704403 -0.23649349941215178 0.006670469727783347
41.89360113135326 -0.236442040653589 0.006675814030478607
41.89564290566249 -0.23638400109684965 0.006681116744688939
41.89768467997172 -0.23631945135292312 0.006686368984496401
41.89972645428095 -0.23624846203279798 0.006691561863983113
41.90176822859018 -0.23617110374746383 0.006696686497231126
41.90381000289941 -0.23608744710790902 0.006701733998322568
41.90585177720864 -0.2359975627251233 0.00670669548133949
41.90789355151787 -0.2359015212100951 0.00671156206036402
41.9099353258271 -0.235799393173814 0.006716324849478205
41.91197710013633 -0.2356912492272684 0.006720974962764168
41.91401887444556 -0.23557715998144807 0.00672550351430397
41.916060648754794 -0.23545719604734133 0.006729901618179728
41.91810242306403 -0.23533142803593748 0.0067341603884735115
41.920144197373254 -0.23519992655822616 0.006738270939267398
41.92218597168249 -0.23506276222519543 0.006742224384643507
41.924227745991715 -0.23492000564783522 0.006746011838683897
41.92626952030095 -0.2347717274371337 0.006749624415470681
41.928311294610175 -0.23461799820408086 0.006753053229085921
41.93035306891941 -0.23445888855966474 0.006756289393611737
41.932394843228636 -0.2342944691148753 0.006759324023130188
41.93443661753787 -0.2341248104807007 0.0067621482317233835
41.936478391847096 -0.233949983268131 0.006764753133473397
41.93852016615633 -0.23377005808815393 0.00676712984246233
41.94056194046556 -0.23358510555175996 0.0067692694727722585
41.94260371477479 -0.2333951962699368 0.006771163138485284
41.94464548908402 -0.23320040085367486 0.006772801953683481
41.94668726339325 -0.2330007899139616 0.006774177032448949
41.948729037702485 -0.23279643406178696 0.006775279488863774
41.95077081201171 -0.23258739891668168 0.006776100777291986
41.952812586320945 -0.23237366295965203 0.006776638292578443
41.95485436063017 -0.23215513059274911 0.006776894479741185
41.956896134939406 -0.23193170386007927 0.006776871944545841
41.95893790924863 -0.231703284805752 0.006776573292758049
41.960979683557866 -0.23146977547387348 0.006776001130143433
41.96302145786709 -0.23123107790855352 0.00677515806246763
41.96506323217633 -0.2309870941538981 0.006774046695496262
41.96710500648555 -0.23073772625401703 0.006772669634994973
41.96914678079479 -0.23048287625301644 0.0067710294867293795
41.971188555104014 -0.23022244619500595 0.006769128856465124
41.97323032941325 -0.2299563381240917 0.0067669703499678244
41.97527210372248 -0.22968445408438248 0.0067645565730031195
41.97731387803171 -0.22940669611998718 0.006761890131336647
41.97935565234094 -0.22912296627501183 0.006758973630734022
41.98139742665017 -0.22883316659356623 0.006755809676960892
41.9834392009594 -0.2285371991197564 0.006752400875782866
41.98548097526863 -0.22823496589769215 0.006748749832965603
41.98752274957786 -0.22792636897147941 0.006744859154274702
41.98956452388709 -0.2276113103852282 0.006740731445475826
41.991606298196324 -0.22728969218304426 0.006736369312334575
41.99364807250555 -0.22696141640903772 0.006731775360616611
41.995689846814784 -0.2266263851073142 0.006726952196087532
41.99773162112401 -0.22628450032198405 0.006721902424513003
41.999773395433245 -0.2259356640971526 0.006716628651658616
42.00181516974247 -0.22557977847693034 0.006711133483290042
42.003856944051705 -0.22521674550542264 0.006705419525172873
42.00589871836094 -0.2248464672267387 0.006699489383072759
42.007940492670166 -0.22446884568498768 0.0066933456627553505
42.0099822669794 -0.224083782924275 0.0066869909699862375
42.012024041288626 -0.22369118098871113 0.006680427910531093
42.01406581559786 -0.22329094192240118 0.006673659090155505
42.01610758990709 -0.22288296776945613 0.006666687114625148
42.01814936421632 -0.2224671605739807 0.006659514589705605
42.02019113852555 -0.222043422380086 0.00665214412116256
42.02223291283478 -0.22161165523187673 0.006644578314761588
42.02427468714401 -0.22117176117346404 0.006636819776268374
42.02631646145324 -0.22072364224895263 0.006628871111448494
42.02835823576247 -0.2202672005024536 0.006620734926067636
42.0304000100717 -0.21980233797807158 0.006612413825891373
42.032441784380936 -0.21932895671991628 0.006603910416685365
42.03448355869016 -0.21884695877209712 0.0065952273042152705
42.036525332999396 -0.21835624617871865 0.006586367094246661
42.03856710730862 -0.2178567209838923 0.00657733239254523
42.04060888161786 -0.21734828523172242 0.006568125804876543
42.04265065592708 -0.21683084096632058 0.006558749937006298
42.04469243023632 -0.21630429023179093 0.006549207394700059
42.046734204545544 -0.21576853507224525 0.006539500783723523
42.04877597885478 -0.21522347753178753 0.006529632709842253
42.050817753164004 -0.21466901965452945 0.006519605778821946
42.05285952747324 -0.21410506348457523 0.006509422596428168
42.054901301782465 -0.21353151109297872 0.006499085768356024
42.0569430760917 -0.21294832450495066 0.0064885977432078586
42.058984850400925 -0.2123556530671801 0.006477960478764199
42.06102662471016 -0.21175368260985053 0.006467175837210924
42.06306839901939 -0.21350233931245916 0.0026835731208492727
42.06511017332862 -0.212615412783866 0.002686124751301296
42.06715194763785 -0.21173428721121235 0.0026884576310957377
42.06919372194708 -0.21085873191739873 0.002690574881650223
42.071235496256314 -0.20998852191704181 0.0026924795747578687
42.07327727056554 -0.20912343771560363 0.0026941747341452014
42.075319044874774 -0.2082632651155593 0.002695663336970671
42.077360819184 -0.20740779502937554 0.002696948315266156
42.079402593493235 -0.2065568232988914 0.0026980325573241473
42.08144436780246 -0.205710150520903 0.002698918909032817
42.083486142111695 -0.20486758187857534 0.002699610175161381
42.08552791642092 -0.2040289269785091 0.0027001091205977475
42.087569690730156 -0.20319399969311241 0.002700418471540624
42.08961146503939 -0.2023626180081274 0.0027005409166479307
42.09165323934862 -0.2015346038750054 0.002700479108143407
42.09369501365785 -0.20070978306794132 0.0027002356628831746
42.09573678796708 -0.19988798504538416 0.0026998131633839103
42.09777856227631 -0.19906904281575216 0.0026992141588142384
42.09982033658554 -0.1982527928072496 0.002698441165950876
42.10186211089477 -0.19743907474151096 0.0026974966701009406
42.103903885204 -0.19662773151098895 0.002696383125991874
42.10594565951323 -0.19581860905982915 0.0026951029586302095
42.10798743382246 -0.1950115562681613 0.002693658564130552
42.11002920813169 -0.19420642483956585 0.00269205231051585
42.11207098244092 -0.19340306919165876 0.00269028653849025
42.11411275675015 -0.19260134634956586 0.0026883635621854666
42.11615453105938 -0.19180111584224233 0.0026862856698819017
42.11819630536861 -0.19100223960142085 0.0026840551247053162
42.12023807967785 -0.19020458186315065 0.002681674165300209
42.122279853987074 -0.18940800907174302 0.0026791450064806714
42.12432162829631 -0.1886123897860353 0.002676469839859618
42.126363402605534 -0.18781759458789693 0.0026736508344573752
42.12840517691477 -0.1870234959928015 0.0026706901372901674
42.130446951223995 -0.18622996836245348 0.0026675898739395762
42.13248872553323 -0.18543688781928536 0.0026643521491034033
42.134530499842455 -0.1846441321628214 0.0026609790471289496
42.13657227415169 -0.18385158078773348 0.00265747263252907
42.138614048460916 -0.18305911460359114 0.002653834950481995
42.14065582277015 -0.1822666159561391 0.0026500680273151738
42.142697597079376 -0.1814739685501092 0.0026461738709741235
42.14473937138861 -0.18068105737340784 0.0026421544714764597
42.146781145697844 -0.17988776862268924 0.002638011801352062
42.14882292000707 -0.17909398963017853 0.0026337478160695623
42.150864694316304 -0.17829960879170478 0.002629364454449811
42.15290646862553 -0.17750451549590882 0.002624863639066951
42.154948242934765 -0.17670860005449399 0.0026202472766371967
42.15699001724399 -0.17591175363354816 0.002615517258396249
42.159031791553225 -0.17511386818579094 0.0026106754604652833
42.16107356586245 -0.17431482644627816 0.0026057238196859614
42.163115340171686 -0.17351436508996418 0.0026006653740667136
42.16515711448091 -0.17271210903676332 0.002595504006242819
42.167198888790146 -0.17190768024119693 0.0025902436179777227
42.16924066309937 -0.17110070050855275 0.002584888107952285
42.17128243740861 -0.17029079149930207 0.0025794413708498964
42.17332421171784 -0.16947757473385636 0.00257390729639799
42.17536598602707 -0.16866067159760503 0.002568289768364462
42.1774077603363 -0.1678397033462799 0.0025625926635081675
42.17944953464553 -0.16701429111168878 0.0025568198504827538
42.18149130895476 -0.16618405590776342 0.002550975188692395
42.18353308326399 -0.16534861863702466 0.002545062527099186
42.18557485757322 -0.1645076000973891 0.002539085702980724
42.18761663188245 -0.16366062098942472 0.0025330485406377706
42.18965840619168 -0.1628073019239772 0.0025269548500506563
42.19170018050091 -0.16194726343027643 0.0025208084254844665
42.19374195481014 -0.16108012596444315 0.002514613044041812
42.19578372911937 -0.16020550991850543 0.00250837246416343
42.197825503428604 -0.15932303562984376 0.0025020904240755817
42.19986727773783 -0.158432323391175 0.0024957706401847308
42.201909052047064 -0.15753299346099148 0.0024894168054186796
42.2039508263563 -0.15662466607456293 0.0024830325875148827
42.205992600665525 -0.15570696145543744 0.002476621627255537
42.20803437497476 -0.15477949982748263 0.002470187536649995
42.210076149283985 -0.15384190142751114 0.0024637338970651865
42.21211792359322 -0.1528937865184202 0.0024572642573041444
42.214159697902446 -0.1519347754029545 0.002450782131634153
42.21620147221168 -0.15096448843799637 0.0024442909977648204
42.218243246520906 -0.14998254604949557 0.0024377942947780306
42.22028502083014 -0.14898856874793817 0.0024312954210104847
42.22232679513937 -0.14798217714446665 0.0024247977318912384
42.2243685694486 -0.14696299196754514 0.0024183045377354153
42.22641034375783 -0.14593063408028184 0.0024118191014969852
42.22845211806706 -0.1448847244982958 0.0024053446364823037
42.230493892376295 -0.14382488440823704 0.002398884304027811
42.23253566668552 -0.14275073518686496 0.0023924412111443064
42.234577440994755 -0.14166189842071594 0.0023860184081312898
42.23661921530398 -0.14055799592638824 0.002379618886165166
42.238660989613216 -0.13943864977134066 0.002373245574864643
42.24070276392244 -0.13830348229530873 0.002366901339838204
42.242744538231676 -0.13715211613220044 0.0023605889802174843
42.2447863125409 -0.13598417423257642 0.0023543112261820978
42.24682808685014 -0.13479927988656876 0.002348070736480426
42.24886986115936 -0.13359705674734107 0.0023418700959525786
42.2509116354686 -0.13237712885493264 0.0023357118130607228
42.252953409777824 -0.13113912066058925 0.00232959831743368
42.25499518408706 -0.12988265705141136 0.002323531957431653
42.257036958396284 -0.12860736337542047 0.0023175149977386843
42.25907873270552 -0.12731286546686368 0.0023115496169893654
42.26112050701475 -0.125998789671849 0.0023056379054380276
42.26316228132398 -0.1246647628741535 0.0022997818626777447
42.26520405563321 -0.12331041265646152 0.0022939833925639717
42.26724582994244 -0.12193546642263242 0.002288242214350862
42.26928760425167 -0.12053992525045576 0.002282552227123479
42.2713293785609 -0.11912383397796873 0.0022769063897105585
42.27337115287013 -0.1176872335454189 0.002271297732602338
42.27541292717936 -0.1162301607157045 0.002265719368651487
42.277454701488594 -0.114752650592112 0.002260164514803042
42.27949647579782 -0.11325493092108856 0.00225462732483856
42.281538250107054 -0.11173755190336428 0.002249103457795226
42.28358002441628 -0.11020109350077549 0.0022435888574219376
42.285621798725515 -0.10864613530368693 0.0022380796339955718
42.28766357303475 -0.10707325662920943 0.0022325720726121285
42.289705347343975 -0.10548303661595508 0.0022270626404943777
42.29174712165321 -0.10387605431527665 0.002221547993315901
42.293788895962436 -0.10225288877895612 0.002216024980542926
42.29583067027167 -0.10061411914312614 0.0022104906497959734
42.2978724445809 -0.09896032470852961 0.0022049422502355294
42.29991421889013 -0.09729208501688427 0.0021993772349756793
42.30195599319936 -0.09560997992349031 0.00219379326253161
42.30399776750859 -0.09391458966586497 0.002188188197306192
42.30603954181782 -0.09220649492856763 0.0021825601091224503
42.30808131612705 -0.09048627690401435 0.002176907271807633
42.31012309043628 -0.08875451734946636 0.0021712281608357955
42.31216486474551 -0.08701179864000609 0.002165521450034314
42.31420663905474 -0.08525870381770242 0.002159786007360552
42.31624841336397 -0.08349581663679001 0.0021540208897529896
42.318290187673206 -0.08172372160507356 0.002148225337061512
42.32033196198243 -0.07994300402143309 0.0021423987650593724
42.32237373629167 -0.07815425000952297 0.002136540757538754
42.32441551060089 -0.07635804654776421 0.0021306510574903843
42.32645728491013 -0.07455498149551293 0.0021247295573651884
42.328499059219354 -0.07274564361563987 0.002118776288415201
42.33054083352859 -0.07093062259336375 0.002112791409107457
42.332582607837814 -0.06911050905158243 0.0021067751926034895
42.33462438214705 -0.06728589456254466 0.0021007280132930607
42.336666156456275 -0.06545737165610652 0.002094650332369132
42.33870793076551 -0.06362553382441224 0.002088542682426537
42.340749705074735 -0.06179097552324122 0.002082405651064632
42.34279147938397 -0.059954292169854435 0.0020762398634690486
42.3448332536932 -0.05811608013757042 0.0020700459639448124
42.34687502800243 -0.056276936746939864 0.0020638245963674274
42.34891680231166 -0.05443746025360551 0.002057576383514326
42.35095857662089 -0.052598249832929024 0.0020513019052338087
42.353000350930124 -0.05075990556123485 0.0020450016754020475
42.35504212523935 -0.04892302839387259 0.0020386761176136975
42.357083899548584 -0.047088220139887095 0.002032325539543491
42.35912567385781 -0.04525608343348566 0.002025950105910203
42.361167448167045 -0.04342722170207212 0.0020195498099649543
42.36320922247627 -0.041602239131014726 0.002013124443418491
42.365250996785505 -0.03978174062489357 0.0020066735647111386
42.36729277109473 -0.0379663317653674 0.002000196465520181
42.369334545403966 -0.03615661876537703 0.0019936921353866303
42.37137631971319 -0.03435320087034226 0.001987159782923433
42.373418094022426 -0.03255658263889694 0.0019806052784567944
42.37545986833166 -0.03076720319506799 0.0019740389381464277
42.37750164264089 -0.02898549930225189 0.0019674708300650074
42.37954341695012 -0.02721190619024053 0.0019609106936756045
42.38158519125935 -0.02544685712858032 0.0019543679520841782
42.38362696556858 -0.023690783001842717 0.001947851724172209
42.38566873987781 -0.021944062842174972 0.0019413695230883323
42.38771051418704 -0.020206835700646367 0.001934922258363781
42.38975228849627 -0.018479167093435216 0.0019285087564529122
42.3917940628055 -0.016761120916182197 0.0019221277256860284
42.39383583711473 -0.015052759596129534 0.001915777793265902
42.39587761142396 -0.013354144226453627 0.0019094575410417446
42.39791938573319 -0.01166533469829683 0.001903165540475728
42.39996116004242 -0.009986389830492961 0.0018969003868023462
42.40200293435166 -0.008317367497329947 0.0018906607323740463
42.404044708660884 -0.006658324754337486 0.0018844453191769483
42.40608648297012 -0.005009317962269839 0.0018782530104928627
42.408128257279344 -0.003370402909426089 0.0018720828216753568
42.41017003158858 -0.0017416349322239447 0.0018659339499983386
42.412211805897805 -0.00012306903423878177 0.0018598058035283079
42.41425358020704 0.0014852399964668938 0.001853698028961464
42.416295354516265 0.0030832374715617198 0.0018476105383596932
42.4183371288255 0.004670868688438213 0.0018415435347095051
42.420378903134726 0.006248078817875805 0.0018354975362209333
42.42242067744396 0.007814812793655012 0.0018294733992736355
42.424462451753186 0.009371015204078034 0.0018234723399106663
42.42650422606242 0.010916630185732709 0.0018174959537710493
42.428546000371654 0.012451601319521515 0.0018115462343459877
42.43058777468088 0.013975871529312386 0.0018056255894351011
42.432629548990114 0.015489382983406814 0.0017997368556730525
42.43467132329934 0.01699207699905346 0.001793883310990701
42.436713097608575 0.018483893950449096 0.0017880686848686673
42.4387548719178 0.019964773180402375 0.001782297166237617
42.440796646227035 0.021434652916194945 0.0017765734088744493
42.44283842053626 0.022893470189867635 0.001770902534142083
42.444880194845496 0.02434116076351656 0.0017652901309176186
42.44692196915472 0.025777659059879283 0.0017597422525546357
42.448963743463956 0.027202898098839186 0.0017542654107252273
42.45100551777318 0.02861680944017205 0.0017488665659913553
42.45304729208242 0.03001932313319638 0.0017435531149582913
42.45508906639164 0.03141036767368367 0.001738332873870436
42.45713084070088 0.032789869968710014 0.0017332140585168626
42.45917261501011 0.034157755309826635 0.001728205260325466
42.46121438931934 0.03551394735520051 0.0017233154185361684
42.46325616362857 0.03685836812119993 0.0017185537883591165
42.4652979379378 0.03819093798389211 0.0017139299050410379
42.46733971224703 0.0395115756910673 0.0017094535437819642
42.46938148655626 0.04082019838511759 0.001705134675467544
42.47142326086549 0.042116721637362034 0.001700983418205619
42.47346503517472 0.043401059494076716 0.0016970099846836094
42.47550680948395 0.04467312456014143 0.001693224614390671
42.47754858379318 0.04593283685122765 0.00168963372580396
42.47959035810241 0.04718013718464952 0.0016862342165922845
42.48163213241164 0.048414969458112585 0.001683021227001089
42.483673906720874 0.049637277475445996 0.0016799895264741418
42.48571568103011 0.05084700497961235 0.0016771335067828563
42.487757455339334 0.052044095684817215 0.0016744471761827612
42.48979922964857 0.053228493307561534 0.001671924154558683
42.491841003957795 0.05440014273822772 0.0016695579330681064
42.49388277826703 0.05555900884656078 0.0016673461858883259
42.495924552576255 0.05670507373943474 0.001665290058854776
42.49796632688549 0.05783832061632779 0.0016633904223536315
42.500008101194716 0.05895873332157259 0.0016616477791196616
42.50204987550395 0.060066296424019845 0.0016600622952702177
42.504091649813176 0.0611609952913266 0.001658633831134001
42.50613342412241 0.062242816158789654 0.0016573619717940172
42.50817519843164 0.06331174619241511 0.0016562460572655596
42.51021697274087 0.06436777354617748 0.0016552852122311242
42.5122587470501 0.06541088741319907 0.0016544783752561495
42.51430052135933 0.06644107807084014 0.0016538243274112424
42.516342295668565 0.06745833691947555 0.001653321720229043
42.51838406997779 0.06846265651496088 0.001652969102926283
42.520425844287026 0.06945403059468241 0.0016527649488245373
42.52246761859625 0.07043245409710792 0.0016527076809061889
42.524509392905486 0.07139792317489814 0.0016527956964453993
42.52655116721471 0.07235043520146452 0.0016530273906574218
42.52859294152395 0.07328998877109458 0.0016534011793132388
42.53063471583317 0.07421658369257025 0.0016539155202703352
42.53267649014241 0.07513022097643693 0.00165456893387446
42.534718264451634 0.07603090281588887 0.0016553600221912272
42.53676003876087 0.0769186325614635 0.0016562874870307289
42.538801813070094 0.07779341468954853 0.0016573501467324456
42.54084358737933 0.07865525476492559 0.0016585469516822284
42.54288536168856 0.07950415939739296 0.0016598769985372748
42.54492713599779 0.0803401361926992 0.001661339543139559
42.54696891030702 0.08116319369792276 0.0016629340121023766
42.54901068461625 0.08197334134145218 0.0016646600130589492
42.55105245892548 0.08277058936783097 0.0016665173435664237
42.55309423323471 0.0835549487675838 0.0016685059986624954
42.55513600754394 0.0843264312023276 0.0016706261770762685
42.55717778185317 0.08508504892530258 0.0016728782860985414
42.559219556162404 0.08583081469764055 0.0016752629451209388
42.56126133047163 0.08656374170052297 0.0016777809878565405
42.563303104780864 0.08728384344355557 0.0016804334632586533
42.56534487909009 0.08799113366952369 0.00168322163515722
42.567386653399325 0.08868562625586111 0.0016861469806360564
42.56942842770856 0.08936733511300725 0.0016892111871765626
42.571470202017785 0.09003627407996875 0.0016924161485968197
42.57351197632702 0.09069245681731478 0.001695763959817289
42.575553750636246 0.09133589669783666 0.0016992569104866528
42.57759552494548 0.09196660669518175 0.0017028974775039278
42.579637299254706 0.09258459927063961 0.001706688316474289
42.58167907356394 0.0931898955653738 0.001710632311150666
42.58372084787317 0.09378261636459492 0.0017147331378608813
42.5857626221824 0.0943629417703441 0.001718994991568161
42.58780439649163 0.09493105012886435 0.0017234221855428966
42.58984617080086 0.09548711718997793 0.0017280191345698435
42.59188794511009 0.09603131617146016 0.0017327903431918867
42.59392971941932 0.09656381783942146 0.0017377403933746514
42.59597149372855 0.09708479060415054 0.0017428739316269447
42.59801326803778 0.09759440074035093 0.0017481956456999494
42.600055042347016 0.09809283916341091 0.0017537078351566324
42.60209681665624 0.09858035682634282 0.0017594072022192027
42.604138590965476 0.09905721251874738 0.0017652895873573448
42.6061803652747 0.09952366438826811 0.0017713507448386782
42.60822213958394 0.09997997002151218 0.0017775863426919033
42.610263913893164 0.10042638652333202 0.001783991962865063
42.6123056882024 0.10086317059437529 0.0017905631015643821
42.614347462511624 0.10129057860673091 0.0017972951697579273
42.61638923682086 0.10170886667762107 0.0018041834938299476
42.618431011130085 0.10211829074100978 0.0018112233163705906
42.62047278543932 0.10251910661711511 0.0018184097970875444
42.622514559748545 0.1029115700797359 0.0018257380138250183
42.62455633405778 0.1032959369214117 0.0018332029636774802
42.626598108367006 0.10367246301636257 0.0018407995641844925
42.62863988267624 0.10404140438125532 0.0018485226545950806
42.63068165698547 0.10429286628124623 0.0009919141461928237
42.6327234312947 0.10464783117190332 0.0009945581726336973
42.634765205603934 0.10499731054838851 0.0009973286511161226
42.63680697991316 0.10534147434905823 0.0010002238058608582
42.638848754222394 0.10568049139659974 0.0010032418039006086
42.64089052853162 0.10601452950736684 0.0010063807545190098
42.642932302840855 0.10634375560163362 0.0010096387087669921
42.64497407715008 0.10666833581451164 0.0010130136590528098
42.647015851459315 0.10698843560736233 0.0010165035388024655
42.64905762576854 0.10730421987947227 0.0010201062221862752
42.651099400077776 0.10761585307984536 0.0010238195239078395
42.653141174387 0.10792349931890693 0.0010276411990507053
42.655182948696236 0.10822732248000008 0.001031568942978601
42.65722472300547 0.10852748633050113 0.0010356003912841553
42.6592664973147 0.10882415463245679 0.001039733119781582
42.66130827162393 0.10911749125262477 0.0010439646445382488
42.66335004593316 0.10940766027181692 0.0010482924219398883
42.66539182024239 0.1096948260934966 0.0010527138487846602
42.66743359455162 0.10997915355154225 0.0010572262624003706
42.66947536886085 0.11026080801717066 0.001061826940780048
42.67151714317008 0.11053995550496581 0.0010665131027300582
42.67355891747931 0.11081676277804174 0.0010712819080259276
42.67560069178854 0.11109139745232009 0.0010761304575700069
42.67764246609777 0.11136402809998486 0.0010810557935461624
42.679684240407 0.11163482435213008 0.0010860548995656224
42.68172601471623 0.11190395700069554 0.001091124700799215
42.68376778902547 0.1121715980997416 0.0010962620640901737
42.68580956333469 0.1124379208867123 0.0011014638019555146
42.68785133764393 0.11270306520965179 0.0011067274301242503
42.689893111953154 0.1129670956742411 0.0011120520936604829
42.69193488626239 0.11323006702421658 0.0011174371529858677
42.693976660571614 0.1134920340075983 0.0011228819730777929
42.69601843488085 0.11375305123221474 0.0011283859303420284
42.698060209190075 0.11401317303278483 0.0011339484190708536
42.70010198349931 0.11427245334931269 0.001139568857491064
42.702143757808535 0.1145309456165636 0.001145246693402761
42.70418553211777 0.1147887026645145 0.0011509814094090493
42.706227306426996 0.11504577212012834 0.0011567725468283867
42.70826908073623 0.11530216915415539 0.0011626198250940152
42.710310855045456 0.11555789456734229 0.0011685230687256516
42.71235262935469 0.11581294827442601 0.0011744821535905755
42.714394403663924 0.11606732928680014 0.001180497009995358
42.71643617797315 0.1163210356524771 0.0011865676255688434
42.718477952282385 0.11657406440555844 0.001192694047707727
42.72051972659161 0.11682641152529562 0.001198876385576749
42.722561500900845 0.11707807190485436 0.0012051148116563268
42.72460327521007 0.11732903932984096 0.0012114095628295279
42.726645049519306 0.11757930646669665 0.0012177609410020773
42.72868682382853 0.11782886486099631 0.001224169313248353
42.730728598137766 0.11807770494572749 0.001230635111478564
42.73277037244699 0.11832581605955032 0.0012371588316218937
42.73481214675623 0.11857318647506865 0.0012437410323230362
42.73685392106545 0.11881980343706187 0.0012503823331494654
42.73889569537469 0.11906565321064971 0.0012570834123097824
42.74093746968392 0.11931072113927468 0.001263845003883736
42.74297924399315 0.11955499171239857 0.0012706678945676483
42.74502101830238 0.11979844864273911 0.0012775529199401457
42.74706279261161 0.12004107495283202 0.0012845009602551933
42.74910456692084 0.12028285307068985 0.0012915129357724707
42.75114634123007 0.12052376493423596 0.001298589801636075
42.7531881155393 0.1207637921041993 0.0013057325423164398
42.75522988984853 0.1210029158850552 0.0013129421656311912
42.75727166415776 0.12124111745360287 0.0013202196963646947
42.75931343846699 0.12147837799467082 0.0013275661695068867
42.76135521277622 0.12171467884344812 0.0013349826231360228
42.76339698708545 0.12195000163384088 0.0013424700909707226
42.765438761394684 0.12218432845226386 0.0013500295946206327
42.76748053570391 0.12241764199618259 0.0013576621355655821
42.769522310013144 0.12264992573673639 0.0013653686868968585
42.77156408432238 0.12288116408468569 0.0013731501848544985
42.773605858631605 0.12311134255894193 0.001381007520197725
42.77564763294084 0.12334044795688291 0.0013889415294463122
42.777689407250065 0.12356846852563437 0.0013969529860319472
42.7797311815593 0.1237953941335089 0.001405042591400751
42.781772955868526 0.12402121644073776 0.0014132109661073881
42.78381473017776 0.12424592906867378 0.001421458640943509
42.785856504486986 0.12446952776659342 0.0014297860481417475
42.78789827879622 0.12469201057528197 0.0014381935126982727
42.78994005310545 0.12491337798654768 0.0014466812438547296
42.79198182741468 0.12513364216047637 0.00145524894003613
42.79402360172391 0.12535290262471302 0.0014638925524006212
42.79606537603314 0.12557130677243925 0.001472605957335694
42.798107150342375 0.12578900332432813 0.0014813829394056557
42.8001489246516 0.12600614154507309 0.0014902172253567002
42.802190698960835 0.12622287095701878 0.0014991024970215422
42.80423247327006 0.12643934107675522 0.0015080324033243519
42.806274247579296 0.12665570117447314 0.0015170005713818888
42.80831602188852 0.12687210005564944 0.0015260006167037929
42.810357796197756 0.12708868586452124 0.0015350261525046759
42.81239957050698 0.12730560523275122 0.0015440708643402754
42.81444134481622 0.1275229828534731 0.001553130500694393
42.816483119125444 0.12774091712755314 0.0015622032817616098
42.81852489343468 0.1279595024394101 0.0015712877067785983
42.820566667743904 0.12817883036015887 0.001580382431456324
42.82260844205314 0.1283989895276674 0.0015894862763501517
42.82465021636237 0.12862006555436362 0.0015985982336616468
42.8266919906716 0.12884214096162105 0.001607717472521869
42.82873376498083 0.1290652951395433 0.0016168433428045616
42.83077553929006 0.1292896043309913 0.0016259753775169905
42.83281731359929 0.12951514163875727 0.0016351132938164643
42.83485908790852 0.12974197705477905 0.0016442569926977835
42.83690086221775 0.12997017751037745 0.001653406557397745
42.83894263652698 0.13019980694648914 0.0016625622505596236
42.840984410836214 0.13043092640295828 0.0016717245102014198
42.84302618514544 0.1306635941259428 0.0016808939445284768
42.845067959454674 0.13089786569257972 0.0016900713256320333
42.8471097337639 0.13113379415204376 0.0016992575821122597
42.849151508073135 0.1313714301822214 0.0017084537906655061
42.85119328238236 0.13161081584417142 0.0017176614599695677
42.853235056691595 0.13185195328553326 0.0017268839561815205
42.85527683100083 0.13209482900398176 0.001736125385228279
42.857318605310056 0.13233942790384218 0.00174538994716904
42.85936037961929 0.13258573352455116 0.001754681923727798
42.861402153928516 0.13283372825965045 0.0017640056660232517
42.86344392823775 0.1330833935863445 0.001773365581588458
42.86548570254698 0.13333471030494143 0.0017827661207171738
42.86752747685621 0.13358765878761772 0.0017922117621737101
42.86956925116544 0.1338422192359566 0.0018017069982989035
42.87161102547467 0.13409837194682964 0.0018112563195448808
42.8736527997839 0.13435609758619688 0.0018208641984671795
42.87569457409313 0.13461537747051977 0.0018305350732029748
42.87773634840236 0.13487619385548233 0.0018402733304600386
42.87977812271159 0.13513853023183514 0.0018500832880412568
42.88181989702082 0.13540237162817945 0.0018599691769253465
42.88386167133005 0.1356677049206257 0.001869935122924472
42.885903445639286 0.1359345191492666 0.0018799851279351222
42.88794521994851 0.13620280584151914 0.001890123050798185
42.88998699425775 0.1364725593424224 0.0019003525877804408
42.89202876856697 0.13674377715204578 0.0019106772526869635
42.89407054287621 0.13701646027026662 0.0019211003566122341
42.896112317185434 0.13729061312258709 0.0019316250064577657
42.89815409149467 0.13756619197052294 0.0019422564137180525
42.900195865803894 0.13784305498676164 0.0019530041333405605
42.90223764011313 0.13812105192803015 0.0019638780432707503
42.904279414422355 0.1384000355782272 0.0019748878282147466
42.90632118873159 0.13867986145196026 0.001986042989754868
42.908362963040815 0.13896038750841963 0.001997352856234432
42.91040473735005 0.13924147387423133 0.002008826592488243
42.91244651165928 0.13952298257410625 0.002020473209481418
42.91448828596851 0.13980477726837381 0.0020323015739107685
42.91653006027774 0.14008672299665714 0.002044320417811542
42.91857183458697 0.14036868593116406 0.0020565383477156407
42.920613608896204 0.14065054853399422 0.002068961991103516
42.92265538320543 0.1409322435219625 0.002081591846824661
42.924697157514665 0.14084212653191935 0.0010313882385523025
42.92673893182389 0.1410277223426335 0.0010389261301639065
42.928780706133125 0.14121691712247503 0.001046544705444424
42.93082248044235 0.14140960172430925 0.0010542452041102073
42.932864254751586 0.14160566685415293 0.001062028895109164
42.93490602906081 0.1418050028341796 0.0010698970826620113
42.936947803370046 0.1420074993871513 0.0010778511116415544
42.93898957767928 0.142213045442534 0.0010858923722965423
42.94103135198851 0.14242152896445692 0.0010940223043305886
42.94307312629774 0.1426328368015322 0.0011022424003477973
42.94511490060697 0.14284685455844082 0.0011105542086784447
42.9471566749162 0.14306346648911683 0.0011189593356005435
42.94919844922543 0.1432825554112278 0.001127459446972724
42.95124022353466 0.14350400264161642 0.0011360562692967061
42.95328199784389 0.1437276879522385 0.001144751590226603
42.95532377215312 0.14395348954611645 0.001153547258544899
42.95736554646235 0.14418128405270778 0.001162445183623666
42.95940732077158 0.1444109465420801 0.0011714473343920266
42.96144909508081 0.14464235387400298 0.0011805557027725064
42.96349086939004 0.1448754003867823 0.0011897721360424776
42.96553264369927 0.14510998581889614 0.0011990984619394093
42.9675744180085 0.14534600870506406 0.0012085365562976623
42.96961619231774 0.14558336645328135 0.0012180883400005086
42.971657966626964 0.14582195544467386 0.0012277557754803016
42.9736997409362 0.14606167114740404 0.0012375408628717381
42.975741515245424 0.14630240824359253 0.0012474456358416207
42.97778328955466 0.1465440607682009 0.001257472157120407
42.979825063863885 0.14678652225873104 0.0012676225137596081
42.98186683817312 0.1470296859146062 0.001277898812141911
42.983908612482345 0.1472734447650122 0.001288303172769304
42.98595038679158 0.14751769184399824 0.0012988377248572922
42.987992161100806 0.14776232037155834 0.0013095046007614913
42.99003393541004 0.1480072239394526 0.0013203059302655856
42.992075709719266 0.14825229670046053 0.0013312438347575614
42.9941174840285 0.1484974335598129 0.0013423204213236285
42.996159258337734 0.14874253036749968 0.0013535377767868637
42.99820103264696 0.14898748411021484 0.0013648979617195268
43.000242806956194 0.14923219310169436 0.001376403004456317
43.00228458126542 0.14947656533520343 0.001388054675356917
43.004326355574655 0.14972057714522516 0.0013998529040190743
43.00636812988388 0.1499642391090565 0.0014117966881420179
43.008409904193115 0.15020756351965386 0.0014238849650444944
43.01045167850234 0.15045056392033965 0.0014361166219579837
43.012493452811576 0.15069325487618856 0.0014484905000166479
43.0145352271208 0.15093565176290163 0.0014610053978363646
43.016577001430036 0.15117777057350454 0.0014736600746754138
43.01861877573926 0.15141962774294887 0.0014864532531713105
43.0206605500485 0.15166123999056957 0.0014993836216551806
43.022702324357724 0.1519026241801407 0.0015124498360458414
43.02474409866696 0.15214379719719007 0.0015256505213316618
43.02678587297619 0.1523847747670085 0.001538984409723101
43.02882764728542 0.15262556117514928 0.0015524516507078284
43.03086942159465 0.15286615390378872 0.001566053245216781
43.03291119590388 0.15310655026610215 0.0015797902014152915
43.03495297021311 0.15334674739766357 0.0015936635280598514
43.03699474452234 0.15358674217166088 0.0016076742388901706
43.03903651883157 0.15382653112889655 0.0016218233564401843
43.0410782931408 0.15406611042147278 0.0016361119153029185
43.04312006745003 0.1543054757691425 0.0016505409648851473
43.04516184175926 0.1545446224272869 0.001665111571682558
43.047203616068494 0.15478354516557358 0.0016798248211072227
43.04924539037772 0.15502223825634084 0.0016946818188939509
43.051287164686954 0.1552606954718533 0.0017096836921133148
43.05332893899619 0.15549891008957242 0.0017248315898140047
43.055370713305415 0.15573687490468469 0.0017401266833181584
43.05741248761465 0.15597458224915178 0.0017555701661897218
43.059454261923875 0.15621202401660214 0.0017711632538941504
43.06149603623311 0.15644919169246319 0.0017869071831680058
43.063537810542336 0.1566860763887405 0.001802803211112472
43.06557958485157 0.15692266888295112 0.001818852614026764
43.067621359160796 0.15715895966071683 0.001835056685992585
43.06966313347003 0.15739493896162116 0.001851416737223041
43.07170490777926 0.15763059631595383 0.0018679339949612575
43.07374668208849 0.1578659182706796 0.0018846091617667159
43.07578845639772 0.15810089026199917 0.0019014427623252467
43.07783023070695 0.15833549763478347 0.0019184353236048066
43.079872005016185 0.1585697257076767 0.0019355873723387272
43.08191377932541 0.1588035598390972 0.00195289943212981
43.083955553634645 0.15903698549480988 0.0019703720203429285
43.08599732794387 0.15926998831692807 0.0019880056447919513
43.088039102253106 0.15950255419426052 0.0020058008002284563
43.09008087656233 0.15973466933390193 0.0020237579646359095
43.092122650871566 0.1599663203340411 0.002041877595336463
43.09416442518079 0.16019749425793572 0.0020601601249132426
43.09620619949003 0.1604281787090742 0.0020786059569546742
43.09824797379925 0.16065836190751673 0.002097215461623063
43.10028974810849 0.16088803276747918 0.0021159889710534456
43.102331522417714 0.16111718097618857 0.0021349267745843343
43.10437329672695 0.16134579707411162 0.00215402911382583
43.106415071036174 0.16157387246819896 0.0021732961998746692
43.10845684534541 0.16180139391921206 0.002192730064214273
43.11049861965464 0.1620283398129149 0.002212335981724987
43.11254039396387 0.16225468937948334 0.0022321195669587294
43.1145821682731 0.16248042359283515 0.002252086455371909
43.11662394258233 0.16270552505220667 0.002272242309134158
43.11866571689156 0.16292997786170424 0.0022925928217746006
43.12070749120079 0.16315376750736876 0.002313143721707493
43.12274926551002 0.1633768807314561 0.0023339007746765957
43.12479103981925 0.1635993054036857 0.0023548697851476694
43.126832814128484 0.1638210303893666 0.002376056596678996
43.12887458843771 0.1640420454143571 0.0023974670912923503
43.130916362746945 0.16426234092696032 0.0024191071878697694
43.13295813705617 0.16448190791120562 0.0024409828309333
43.134999911365405 0.16470073478244918 0.002463099425828897
43.13704168567463 0.1649188054382008 0.0024854614921267395
43.139083459983866 0.16513610351127173 0.0025080734926679737
43.1411252342931 0.16535263829511823 0.0025309394435532586
43.143167008602326 0.16556851814365825 0.0025540615687627568
43.14520878291156 0.1657838745207588 0.0025774416847009454
43.14725055722079 0.1659988376678726 0.0026010816350789893
43.14929233153002 0.16621353645816883 0.002624983282127818
43.15133410583925 0.16642809825796193 0.0026491484968869067
43.15337588014848 0.16664264879595164 0.0026735791486410428
43.15541765445771 0.1668573120407637 0.002698277093577944
43.15745942876694 0.16707221008734 0.0027232441627506785
43.15950120307617 0.16728746305268177 0.0027484821494289
43.1615429773854 0.16750318898148414 0.0027739927959333542
43.16358475169463 0.1677195037621327 0.002799777780047107
43.16562652600386 0.1679365210535473 0.0028258387011063303
43.167668300313096 0.16815435222326572 0.0028521770658709897
43.16971007462232 0.16837310629715316 0.0028787942742829796
43.17175184893156 0.16859288992103105 0.0029056916052174453
43.17379362324078 0.16881380733445184 0.002932870202333251
43.17583539755002 0.16903596035679672 0.002960331060131172
43.177877171859244 0.1692594483857462 0.0029880750103213317
43.17991894616848 0.16948436840813935 0.0030161027086046213
43.181960720477704 0.16971080833690813 0.003044416125678949
43.18400249478694 0.16993881772064354 0.0030730251057383977
43.186044269096165 0.17016843061200995 0.003101942173166152
43.1880860434054 0.1703996771940049 0.0031311799165798437
43.190127817714625 0.1706325838424034 0.0031607509874514257
43.19216959202386 0.17086717320738481 0.0031906680985108763
43.19421136633309 0.17110346432094406 0.003220944020271019
43.19625314064232 0.1713414727291395 0.003251591575704062
43.19829491495155 0.1715812106481388 0.003282623633089496
43.20033668926078 0.17182268714295112 0.0033140530970482526
43.202378463570014 0.17206590832769644 0.003345892897779921
43.20442023787924 0.17231087758614 0.0033781559785144018
43.206462012188474 0.17255759581120672 0.003410855281199532
43.2085037864977 0.17280606166206258 0.003444003730444611
43.210545560806935 0.17305627183734204 0.003477614215754711
43.21258733511616 0.17330821321450046 0.0035116988361376033
43.214629109425395 0.17356181428599882 0.0035462644384047135
43.21667088373462 0.173816981235266 0.0035813157614702305
43.218712658043856 0.1740736241226281 0.0036168577439909763
43.22075443235308 0.1743316573074796 0.003652895519200921
43.222796206662316 0.17459099972310946 0.003689434394467481
43.22483798097155 0.17485157511351945 0.003726479825576897
43.22687975528078 0.17511331223663554 0.0037640373863555053
43.22892152959001 0.1753761450379683 0.0038021127342392986
43.23096330389924 0.17564001279841898 0.0038407115724061604
43.23300507820847 0.17590486025957658 0.003879839609084915
43.2350468525177 0.17617063772941244 0.003919502514637155
43.23708862682693 0.1764373011709388 0.0039597058769999995
43.23913040113616 0.1767048122759623 0.004000455156048648
43.24117217544539 0.17697314949998624 0.004041756349317349
43.24321394975462 0.17724234874655312 0.0040836185665208006
43.24525572406385 0.177512467296494 0.004126051612182911
43.24729749837308 0.17778356767523723 0.00416906536151692
43.24933927268231 0.17805567568347866 0.0042126841280555214
43.25138104699155 0.17832876851041055 0.004256950966440791
43.253422821300774 0.17860282563244173 0.004301910314458463
43.25546459561001 0.17887783187098172 0.004347606803504843
43.257506369919234 0.17915377689800724 0.0043940852742257175
43.25954814422847 0.17943065474227565 0.004441390789331865
43.261589918537695 0.1797084632971865 0.004489568643710773
43.26363169284693 0.1799872038313681 0.004538664371913426
43.265673467156155 0.18026688050301454 0.004588723753042783
43.26771524146539 0.18054749987907504 0.004639792813047838
43.269757015774616 0.18082907046034288 0.004691917824391105
43.27179879008385 0.1811116022135561 0.004745145303050817
43.273840564393076 0.18139510611155163 0.00479952200279715
43.27588233870231 0.18167959368256184 0.00485509490668916
43.27792411301154 0.18196507656964794 0.0049119112157288095
43.27996588732077 0.1822515661012851 0.004970018334627034
43.282007661630004 0.18253907287399393 0.005029463854635599
43.28404943593923 0.18282760634789624 0.005090295533423862
43.286091210248465 0.18311717445595024 0.005152561271990025
43.28813298455769 0.18340778322752277 0.00521630908861564
43.290174758866925 0.18369943642687594 0.005281587089900489
43.29221653317615 0.18399216096631438 0.005348439894049315
43.294258307485386 0.18428611129638955 0.005416894192190247
43.29630008179461 0.18458147534872352 0.005486971618469731
43.298341856103846 0.18487843117633374 0.005558694621325005
43.30038363041307 0.18517714668407734 0.005632086400669857
43.30242540472231 0.1854777794843016 0.005707170827788642
43.30446717903153 0.18578047684591237 0.005783972352740517
43.30650895334077 0.186085375724843 0.005862515901327114
43.30855072765 0.18639260286440634 0.005942826763530931
43.31059250195923 0.18670227495472014 0.006024930475205622
43.31263427626846 0.1870144988410709 0.006108852694642843
43.31467605057769 0.18732937177183065 0.00619461907548996
43.31671782488692 0.18764698214209297 0.0062822552175375666
43.31875959919615 0.18796743776940095 0.006371791360731651
43.32080137350538 0.1882908832144522 0.006463265171170079
43.32284314781461 0.18861746106414476 0.0065567148442080845
43.32488492212384 0.18894730906225793 0.006652178392150424
43.32692669643307 0.18928056101430782 0.006749693584748766
43.3289684707423 0.18961734767915056 0.006849297890164794
43.33101024505153 0.18995779764504872 0.006951028416979433
43.333052019360764 0.19030203818820804 0.007054921857701527
43.33509379367 0.19065019611193212 0.0071610144340756385
43.337135567979225 0.19100239856480905 0.007269341844391552
43.33917734228846 0.1913587738364994 0.0073799392128837266
43.341219116597685 0.1917194521298684 0.007492841041219714
43.34326089090692 0.19208456630841572 0.007608081162013738
43.345302665216145 0.19245425261803775 0.007725692694215572
43.34734443952538 0.1928286452551246 0.007845708001569987
43.349386213834606 0.19320778090672944 0.00796815867274275
43.35142798814384 0.19359161669495217 0.008093075477272215
43.35346976245307 0.193980112397548 0.008220488307907831
43.3555115367623 0.19437321885306688 0.008350420585317073
43.35755331107153 0.19477078741745418 0.008482854767853756
43.35959508538076 0.19517263191385298 0.008617755532530741
43.36163685968999 0.19557857616835173 0.008755087651975376
43.36367863399922 0.19598845453388813 0.008894816129303283
43.365720408308455 0.19640211217222237 0.009036906237651833
43.36776218261768 0.19681940530219175 0.009181323543014647
43.369803956926916 0.19724020141669008 0.009328033911412114
43.37184573123614 0.19766437947068638 0.009477003501460315
43.373887505545376 0.1980918300425592 0.009628198743433685
43.3759292798546 0.1985224554708782 0.009781586305891609
43.37797105416384 0.19895616996882617 0.0099371330509652
43.38001282847306 0.19939289971834998 0.010094805979352181
43.3820546027823 0.19983258294623427 0.010254572166079444
43.384096377091524 0.20027516998422062 0.010416398688030147
43.38613815140076 0.20072062331542528 0.010580252544233476
43.388179925709984 0.20116891760925426 0.010746100569841733
43.39022170001922 0.20162003974715506 0.010913909344713738
43.392263474328445 0.20207398884149155 0.011083645097442378
43.39430524863768 0.20253077624996682 0.011255273605653903
43.39634702294691 0.20299042558795505 0.011428760093320759
43.39838879725614 0.20345297274122134 0.011604069125812038
43.40043057156537 0.20391846588146856 0.011781164503333488
43.4024723458746 0.2043869102506281 0.011960026047587556
43.40451412018383 0.20485804290871468 0.012140717925359477
43.40655589449306 0.2053315079105357 0.012323333842645504
43.408597668802294 0.2058069365353049 0.012507971822069966
43.41063944311152 0.20628394497152894 0.012694734347676335
43.412681217420754 0.20676213216704797 0.01288372844788143
43.41472299172998 0.2072410778743139 0.013075065710211348
43.416764766039215 0.2077203408977685 0.013268862228946264
43.41880654034844 0.2081994575511159 0.013465238486730459
43.420848314657675 0.2086779403328455 0.013664319171368842
43.42289008896691 0.20915527682817217 0.0138662329292433
43.424931863276136 0.20963092884505605 0.014071112057186079
43.42697363758537 0.21010433179085922 0.014279092135082574
43.429015411894596 0.21057489429471535 0.01449031160200523
43.43105718620383 0.21104199807890833 0.014704911279287566
43.43309896051306 0.21150499808029538 0.014923033844517623
43.43514073482229 0.21196322282049734 0.015144823261096027
43.43718250913152 0.21241597502085496 0.015370424168561984
43.43922428344075 0.21286253245551293 0.015599981239510593
43.44126605774998 0.21330214903309005 0.015833638509392612
43.44330783205921 0.21373405609471957 0.01607153868598206
43.44534960636844 0.2141574639134465 0.016313822445600513
43.44739138067767 0.214571563377546 0.016560627723490505
43.449433154986906 0.2149755278379258 0.01681208900581556
43.45147492929613 0.21536851509784913 0.017068336630826766
43.453516703605366 0.21574966952149024 0.017329496106597002
43.45555847791459 0.21611812423655097 0.01759568745248719
43.45760025222383 0.21647300340533965 0.01786702457118327
43.459642026533054 0.21681342453820546 0.01814361465761938
43.46168380084229 0.21713850115681732 0.01842555802133403
43.463725575151514 0.21744741291890002 0.01871302213731806
43.46576734946075 0.2177394958918313 0.019006333211197306
43.467809123769975 0.21801412128907963 0.019305835056893088
43.46985089807921 0.21827067786433882 0.019611867717592903
43.471892672388435 0.21850857357396594 0.019924767993619263
43.47393444669767 0.2187272369856484 0.02024486994136678
43.475976221006896 0.2189261184255805 0.020572505343173477
43.47801799531613 0.21910469085994524 0.020908004147228692
43.48005976962536 0.2192624505099866 0.021251694875943205
43.48210154393459 0.21939891720351723 0.0216039050008733
43.484143318243824 0.21951363446909086 0.021964961282048095
43.48618509255305 0.2196061693822898 0.022335190069518143
43.488226866862284 0.21967611217655564 0.022714917565112076
43.49026864117151 0.21972307563360474 0.02310447004257413
43.492310415480745 0.21974669427076932 0.023504174024700144
43.49435218978997 0.21974662334446093 0.023914356416455725
43.496393964099205 0.21972253769042502 0.024335344593656667
43.49843573840843 0.2196741304224717 0.024767466447252588
43.500477512717666 0.21960111151198486 0.025211050383911207
43.50251928702689 0.21950320627070563 0.02566642528407014
43.504561061336126 0.21938015375910228 0.02613392041925984
43.50660283564536 0.21923170514210913 0.026613865330909932
43.50864460995459 0.21905762201316184 0.027106589673393387
43.51068638426382 0.21885767470634013 0.027612423024405027
43.51272815857305 0.2186316406150983 0.028131694666096656
43.51476993288228 0.21837930253451066 0.02866473334071059
43.51681170719151 0.21810044704234827 0.0292118669845393
43.51885348150074 0.21779486293250655 0.0297734224442623
43.52089525580997 0.2174623397125679 0.03034972517963391
43.5229370301192 0.21710266617542354 0.030941098956588694
43.52497880442843 0.21671562905316746 0.03154786553461851
43.52702057873766 0.21676737742893723 0.03665716787311809
43.52906235304689 0.21618908842132778 0.03739170593927784
43.53110412735612 0.21557540635505515 0.038145858706528764
43.53314590166535 0.2149259103274819 0.03892002206668506
43.53518767597458 0.2142401655084934 0.03971458837018753
43.53722945028382 0.2135177224625651 0.04052994607592522
43.539271224593044 0.21275811659136087 0.041366479415341155
43.54131299890228 0.21196086769262487 0.042224568073230724
43.543354773211504 0.2111254796303017 0.043104586887270084
43.54539654752074 0.2102514401100396 0.04400690556805951
43.547438321829965 0.2093382205538549 0.04493188844095444
43.5494800961392 0.2083852760671657 0.0458798942108187
43.551521870448425 0.2073920454913262 0.046851275750325744
43.55356364475766 0.2063579515344465 0.04784637991234982
43.555605419066886 0.20528240097344494 0.04886554736651566
43.55764719337612 0.2041647849201069 0.049909112459949855
43.55968896768535 0.20300447914427378 0.05097740310184286
43.56173074199458 0.21289933628474536 0.06716338739882843
43.563772516303814 0.21208597738029614 0.06875771025970583
43.56581429061304 0.21124415028971175 0.07039499404766575
43.567856064922275 0.21037360887037665 0.07207602678927522
43.5698978392315 0.20947409624906507 0.07380159616724466
43.571939613540735 0.20854534513121545 0.07557248937170297
43.57398138784996 0.2075870781296267 0.0773894929664472
43.576023162159196 0.20659900810836795 0.07925339276966178
43.57806493646842 0.20558083853826625 0.08116497374817473
43.580106710777656 0.20453226386047502 0.08312501992468999
43.58214848508688 0.20345296985519024 0.0851343142970125
43.58419025939612 0.20234263401268085 0.08719363876869765
43.58623203370534 0.20120092590434122 0.08930377409012949
43.58827380801458 0.20002750755153004 0.09146549980948711
43.59031558232381 0.1988220337904703 0.09367959423262934
43.59235735663304 0.1975841526315238 0.09594683439135296
43.59439913094227 0.19631350561152008 0.09826799601925688
43.5964409052515 0.19500972813804585 0.10064385353445882
43.59848267956073 0.19367244982463855 0.10307518002872704
43.60052445386996 0.1923012948162551 0.10556274726217096
43.60256622817919 0.19089588210426303 0.10810732566318372
43.60460800248842 0.1894558258306395 0.11070968433282943
43.60664977679765 0.1879807355808908 0.11337059105344961
43.60869155110688 0.18647021666562622 0.11609081230073602
43.61073332541611 0.18492387039050517 0.11887111325912521
43.61277509972534 0.18334129431468735 0.12171225783981471
43.614816874034574 0.1817220824976585 0.12461500870133177
43.6168586483438 0.18006582573471153 0.1275801272720031
43.618900422653034 0.17837211178106974 0.13060837377432857
43.62094219696227 0.17664052556503326 0.13370050725065982
43.622983971271495 0.18413455941586465 0.19162571161859004
43.62502574558073 0.1832884541206382 0.1961487998249274
43.627067519889955 0.18243592880407522 0.20076933818558543
43.62910929419919 0.18157712787029362 0.20548851297580448
43.631151068508416 0.18071219572342295 0.21030751047075977
43.63319284281765 0.17984127676758108 0.21522751694569303
43.635234617126876 0.17896451540689773 0.22024971867577814
43.63727639143611 0.1780820560454906 0.22537530193625824
43.63931816574534 0.17719404308748962 0.23060545300230562
43.64135994005457 0.1763006209370122 0.23594135814916495
43.6434017143638 0.17540193399818851 0.24138420365200727
43.64544348867303 0.17449812667513587 0.24693517578607838
43.64748526298226 0.1735893433719844 0.25259546082654794
43.64952703729149 0.17267572849285157 0.25836624504866357
43.651568811600725 0.17175742644186415 0.2642487147276137
43.65361058590995 0.17083458162314927 0.27024405613858554
43.655652360219186 0.16990733844082406 0.2763534555568288
43.65769413452841 0.1689758412990189 0.2825780992575092
43.659735908837646 0.16804023460185097 0.2889191735158782
43.66177768314687 0.16710066275345054 0.2953778646070998
43.66381945745611 0.16615727015793483 0.30195535880642715
43.665861231765334 0.16521020121943408 0.3086528423890223
43.66790300607457 0.16425960034206563 0.3154715016301404
43.669944780383794 0.1633056119299596 0.32241252280494176
43.67198655469303 0.16234838038723332 0.3294770921886832
43.674028329002255 0.16138805011801705 0.3366663960565234
43.67607010331149 0.1604247655264279 0.3439816206837205
