logL Corr CorrErr
41.52583052544453 -0.10894075983876056 0.0037763830931559655
41.52804181212565 -0.10950720892682568 0.0037897767278225465
41.530253098806774 -0.11009910775813965 0.0038028442128464264
41.53246438548789 -0.11071587340827577 0.003815589438831881
41.534675672169016 -0.11135692295281496 0.0038280162963833585
41.53688695885013 -0.11202167346733018 0.003840128676105141
41.53909824553125 -0.11270954202740044 0.0038519304686016323
41.541309532212374 -0.11341994570860507 0.0038634255644772295
41.54352081889349 -0.11415230158651651 0.0038746178543362236
41.545732105574615 -0.11490602673671654 0.0038855112287830506
41.54794339225573 -0.11568053823477727 0.0038961095784219996
41.55015467893685 -0.11647525315627816 0.003906416793857474
41.55236596561797 -0.11728958857679883 0.003916436765693863
41.55457725229909 -0.11812296157191111 0.003926173384535468
41.556788538980214 -0.11897478921719733 0.003935630540986715
41.55899982566133 -0.11984448858822906 0.003944812125651905
41.561211112342455 -0.12073147676058894 0.003953722029135462
41.56342239902357 -0.1216351708098482 0.003962364142041687
41.56563368570469 -0.12255498781158677 0.003970742354974977
41.567844972385814 -0.12349034484138462 0.003978860558539717
41.57005625906693 -0.12444065897481285 0.003986722643340222
41.572267545748055 -0.1254053472874545 0.003994332499980899
41.57447883242917 -0.12638382685488048 0.004001694019066068
41.57669011911029 -0.12737551475267078 0.0040088110912001144
41.57890140579141 -0.12837982805640571 0.004015687606987421
41.58111269247253 -0.1293961838416559 0.0040223274570323105
41.583323979153654 -0.1304239991840048 0.004028734531939185
41.58553526583477 -0.13146269115902282 0.004034912722312367
41.58774655251589 -0.13251167684229043 0.004040865918756243
41.58995783919701 -0.13357037330938784 0.00404659801187519
41.59216912587813 -0.13463819763588544 0.004052112892273538
41.594380412559254 -0.135714566897367 0.004057414450555681
41.59659169924037 -0.13679889816940266 0.004062506577325951
41.59880298592149 -0.13789060852757296 0.004067393163188728
41.60101427260261 -0.1389891150474583 0.004072078098748389
41.60322555928373 -0.14009383480462875 0.004076565274609266
41.60543684596485 -0.1412041848746684 0.004080858581375752
41.60764813264597 -0.14231958233314715 0.0040849619096521815
41.609859419327094 -0.1434394442556492 0.0040888791500429435
41.61207070600821 -0.1445631877177443 0.004092614193152377
41.61428199268933 -0.14569022979501312 0.004096170929584858
41.61649327937045 -0.1468199875630363 0.004099553249944759
41.61870456605157 -0.14795187809738358 0.0041027650448364214
41.62091585273269 -0.14908531847363932 0.0041058102048642285
41.62312713941381 -0.15021972576737316 0.004108692620632523
41.62533842609493 -0.1513545170541658 0.00411141618274568
41.62754971277605 -0.15248910940959792 0.004113984781808069
41.62976099945717 -0.1536229199092393 0.004116402308424037
41.63197228613829 -0.15475536562867406 0.0041186726531979604
41.63418357281941 -0.15588586364347212 0.00412079970673419
41.63639485950053 -0.1570138310292141 0.0041227873596370946
41.63860614618165 -0.15813868486148058 0.004124639502511044
41.64081743286277 -0.1592598422158414 0.004126360025960389
41.64302871954389 -0.16037672016788074 0.004127952820589503
41.64524000622501 -0.16148873579316853 0.0041294217770027385
41.647451292906126 -0.16259530616728524 0.0041307707858044655
41.64966257958725 -0.1636958483658115 0.004132003737599048
41.65187386626837 -0.16478977946431728 0.004133124522990843
41.65408515294949 -0.1658765165383866 0.00413413703258422
41.65629643963061 -0.16695547666358948 0.004135045156983535
41.65850772631173 -0.16802607691550991 0.004135852786793158
41.66071901299285 -0.16908773436971797 0.004136563812617445
41.66293029967397 -0.17013986610179416 0.004137182125060763
41.66514158635509 -0.17118188918731886 0.004137711614727475
41.66735287303621 -0.1722132207018624 0.004138156172221942
41.66956415971733 -0.17323327772100838 0.004138519688148531
41.67177544639845 -0.17424147732032724 0.004138806053111598
41.673986733079566 -0.17523723657539939 0.0041390191577155115
41.67619801976069 -0.17621997256180488 0.004139162892564633
41.67840930644181 -0.17718910235511448 0.0041392411482633245
41.68062059312293 -0.17814404303091147 0.004139257815415951
41.68283187980405 -0.1790842116647666 0.0041392167846268715
41.685043166485166 -0.1800090253322601 0.0041391219465004535
41.68725445316629 -0.18091790110897185 0.004138977191641057
41.68946573984741 -0.18181025607047305 0.004138786410653046
41.69167702652853 -0.18268550729234637 0.004138553494140782
41.69388831320965 -0.18354307185016333 0.00413828233270863
41.696099599890765 -0.18438236681950362 0.004137976816960951
41.69831088657189 -0.1852028092759471 0.004137640837502109
41.700522173253006 -0.18600381629506527 0.004137278284936467
41.70273345993413 -0.18678480495244043 0.004136893049868387
41.70494474661525 -0.1875451923236446 0.004136489022902235
41.70715603329637 -0.18828439548425965 0.00413607009464237
41.70936731997749 -0.18900183150985778 0.004135640155693155
41.711578606658605 -0.18969691747601852 0.0041352030966589565
41.71378989333973 -0.19036907045832097 0.0041347628081441325
41.71600118002085 -0.19101770753233777 0.00413432318075305
41.71821246670197 -0.19164224577365024 0.004133888105090071
41.72042375338309 -0.1922421022578313 0.004133461471759558
41.722635040064205 -0.19281669406046 0.004133047171365874
41.72484632674533 -0.19336543825711508 0.00413264909451338
41.727057613426446 -0.19388775192337016 0.004132271131806442
41.72926890010757 -0.19438305213480542 0.004131917173849421
41.73148018678869 -0.19485075596699486 0.0041315911112466824
41.733691473469804 -0.19529028049551703 0.0041312968346025845
41.73590276015093 -0.1957010427959502 0.0041310382345214934
41.738114046832045 -0.19608245994386891 0.004130819201607773
41.74032533351317 -0.19643394901485248 0.004130643626465784
41.74253662019429 -0.19675492708447573 0.004130515399699889
41.7447479068754 -0.1970448112283168 0.004130438411914452
41.74695919355653 -0.19730301852195353 0.004130416553713837
41.749170480237645 -0.197528966378955 0.004130453713178704
41.75138176691877 -0.19772234242561038 0.004130551760789229
41.753593053599886 -0.19788359055370067 0.004130706920209083
41.75580434028101 -0.19801328595369205 0.004130914434732512
41.75801562696213 -0.19811200381604896 0.004131169547653768
41.760226913643244 -0.19818031933123678 0.004131467502267091
41.76243820032437 -0.19821880768972097 0.0041318035418667345
41.764649487005485 -0.19822804408196626 0.004132172909746937
41.76686077368661 -0.19820860369843796 0.004132570849201951
41.769072060367726 -0.19816106172960138 0.00413299260352602
41.77128334704884 -0.19808599336592156 0.00413343341601339
41.77349463372997 -0.1979839737978633 0.00413388852995831
41.775705920411085 -0.19785557821589247 0.004134353188655025
41.77791720709221 -0.19770138181047334 0.004134822635397782
41.780128493773326 -0.19752195977207207 0.004135292113480825
41.78233978045444 -0.19731788729115338 0.004135756866198404
41.78455106713557 -0.19708973955818154 0.004136212136844763
41.786762353816684 -0.19683809176362332 0.00413665316871415
41.78897364049781 -0.19656351909794223 0.004137075205100813
41.791184927178925 -0.19626659675160515 0.004137473489298993
41.79339621386004 -0.19594789991507633 0.0041378432646029415
41.795607500541166 -0.1956080037788199 0.004138179774306905
41.79781878722228 -0.19524748353330315 0.004138478261705125
41.80003007390341 -0.1948669143689889 0.004138733970091854
41.802241360584524 -0.1944668714763448 0.0041389421427613345
41.80445264726565 -0.19404793004583334 0.004139098023007814
41.806663933946766 -0.19361066526792242 0.00413919685412554
41.80887522062788 -0.19315565233307594 0.004139233879408758
41.81108650730901 -0.19268346643175738 0.004139204342151713
41.813297793990124 -0.19219468275443505 0.004139103485648656
41.81550908067125 -0.1916898764915709 0.004138926553193828
41.817720367352365 -0.1911696228336333 0.004138668788081479
41.81993165403348 -0.19063449697108587 0.004138325433605855
41.822142940714606 -0.19008507409439188 0.0041378917330612
41.82435422739572 -0.1895219293940201 0.004137362929741764
41.82656551407685 -0.18894563806043208 0.00413673426694179
41.828776800757964 -0.18835677528409658 0.004136000987955529
41.83098808743908 -0.187755916255477 0.004135158336077226
41.833199374120206 -0.18714363616503646 0.004134201554601122
41.83541066080132 -0.1865205102032441 0.004133125886821471
41.83762194748245 -0.18588711356056103 0.004131926576032513
41.839833234163564 -0.18524402142745647 0.004130598865528501
41.84204452084468 -0.1845918089943936 0.004129137998603679
41.844255807525805 -0.18393105145183525 0.004127539218552288
41.84646709420692 -0.18326232399025114 0.004125797768668584
41.848678380888046 -0.18258620180010188 0.004123908892246802
41.85088966756916 -0.18190326007185703 0.004121867832581202
41.85310095425029 -0.1812140739959774 0.004119669832966017
41.855312240931404 -0.18051921876293248 0.004117310136695506
41.85752352761252 -0.1798192695631853 0.004114783987063911
41.859734814293645 -0.17911480158719875 0.004112086627365468
41.86194610097476 -0.1784063367780091 0.00410921340309173
41.86415738765589 -0.17769380877738733 0.004106160788855178
41.866368674337004 -0.17697678576461368 0.004102925960697008
41.86857996101812 -0.17625483043063683 0.004099506105192076
41.870791247699245 -0.1755275054664056 0.004095898408915228
41.87300253438036 -0.1747943735628759 0.004092100058441357
41.875213821061486 -0.17405499741099414 0.004088108240345299
41.8774251077426 -0.17330893970171626 0.0040839201412019455
41.87963639442372 -0.17255576312599102 0.004079532947586145
41.881847681104844 -0.17179503037476715 0.004074943846072749
41.88405896778596 -0.17102630413900058 0.004070150023236648
41.886270254467085 -0.17024914710963773 0.004065148665652678
41.8884815411482 -0.16946312197763463 0.004059936959895732
41.89069282782932 -0.16866779143393995 0.004054512092540659
41.89290411451044 -0.16786271816950227 0.004048871250162304
41.89511540119156 -0.16704746487527794 0.004043011619335567
41.897326687872685 -0.1662215942422129 0.004036930386635275
41.8995379745538 -0.16538466896126355 0.004030624738636331
41.901749261234926 -0.1645362517233757 0.004024091861913557
41.90396054791604 -0.16367590521950592 0.004017328943041857
41.90617183459716 -0.16280319214060276 0.0040103331685960785
41.908383121278284 -0.16191767517761438 0.0040031017251510575
41.9105944079594 -0.16101891702149773 0.003995631799281706
41.912805694640525 -0.1601064803631982 0.003987920577562839
41.91501698132164 -0.15917992789367277 0.003979965246569373
41.91722826800276 -0.15823882230386968 0.003971762992876142
41.91943955468388 -0.15728272628473702 0.003963311003057985
41.921650841365 -0.15631120252723207 0.00395460646368982
41.923862128046125 -0.15532381372229975 0.003945646561346455
41.92607341472724 -0.15432012256089758 0.0039364284826028115
41.92828470140836 -0.1532996917339736 0.003926949414033723
41.93049598808948 -0.15226208393247556 0.003917206542214023
41.9327072747706 -0.15120686184736123 0.0039071970537186375
41.934918561451724 -0.15013358816957514 0.003896918135122366
41.93712984813284 -0.14904182559007523 0.0038863669730001384
41.93934113481396 -0.14793113679980927 0.003875540753926784
41.94155242149508 -0.14680108448972476 0.003864436664477134
41.9437637081762 -0.1456512313507801 0.003853051891226121
41.94597499485732 -0.14448114007391913 0.0038413836207485353
41.94818628153844 -0.14329037335010045 0.0038294290396193166
41.950397568219564 -0.14207849387026752 0.0038171853344132513
41.95260885490068 -0.14084506432537944 0.0038046496917052805
41.9548201415818 -0.1395896474063834 0.003791819298070234
41.95703142826292 -0.13831180580422645 0.0037786913400829256
41.95924271494404 -0.13701110220986798 0.0037652630043183088
41.961454001625164 -0.1356870993142507 0.003751531477351159
41.96366528830628 -0.13433935980833436 0.003737493945756428
41.9658765749874 -0.1329674463830659 0.0037231475961089365
41.96808786166852 -0.13157092172939197 0.0037084896149835005
41.97029914834964 -0.1301493485382726 0.0036935171889550785
41.97251043503076 -0.1287022922227788 0.0036782275418675357
41.97472172171188 -0.12722967875140814 0.0036626228339862897
41.976933008393 -0.1257321517737243 0.0036467150514622594
41.97914429507412 -0.12421043988190503 0.0036305173434091798
41.98135558175524 -0.1226652716681428 0.0036140428589409444
41.98356686843636 -0.12109737572461027 0.003597304747171237
41.98577815511748 -0.11950748064350022 0.003580316157213954
41.9879894417986 -0.11789631501699029 0.0035630902381828325
41.99020072847972 -0.11626460743725789 0.003545640139191604
41.99241201516084 -0.1146130864964961 0.00352797900935417
41.99462330184196 -0.11294248078687703 0.003510119997784206
41.99683458852308 -0.11125351890059403 0.0034920762535956165
41.9990458752042 -0.10954692942981893 0.0034738609259020747
42.00125716188532 -0.10782344096674532 0.0034554871638174853
42.00346844856644 -0.10608378210355048 0.0034369681164555825
42.00567973524756 -0.10432868143241132 0.003418316932930093
42.00789102192868 -0.10255886754552179 0.003399546762354926
42.0101023086098 -0.10077506903505319 0.0033806707538437506
42.01231359529092 -0.09897801449319965 0.0033617020565104763
42.01452488197204 -0.0971684325121381 0.0033426538194688328
42.01673616865316 -0.09534705168404538 0.0033235391918325493
42.01894745533428 -0.09351460060111573 0.0033043713227155335
42.0211587420154 -0.09167180785552012 0.003285163361231455
42.02337002869652 -0.08981940203945304 0.0032659284564942265
42.025581315377636 -0.08795811174509124 0.0032466797576175717
42.02779260205876 -0.08608866556461134 0.003227430413715222
42.03000388873988 -0.08421179209020803 0.0032081935739010897
42.032215175421 -0.0823282199140519 0.003188982387288839
42.03442646210212 -0.0804386776283377 0.003169810002992383
42.036637748783235 -0.07854389382524209 0.0031506895701254502
42.03884903546436 -0.07664459709694155 0.0031316342378017673
42.041060322145476 -0.07474151603563098 0.003112657155135246
42.0432716088266 -0.07283537923348077 0.003093771471239553
42.04548289550772 -0.0709269152826859 0.003074990335228601
42.04769418218884 -0.0690168527754167 0.003056326896216057
42.04990546886996 -0.06710592030386814 0.003037794303315831
42.052116755551076 -0.06519484646021671 0.0030194057056416503
42.0543280422322 -0.06328435983663898 0.003001174252307248
42.05653932891332 -0.061375189025329804 0.002983113092426529
42.05875061559444 -0.05946806261845966 0.002965235375113167
42.06096190227556 -0.05756370920822339 0.0029475542494810654
42.063173188956675 -0.05566285738679756 0.0029300828646439563
42.0653844756378 -0.0537662357463587 0.0029128343697155733
42.067595762318916 -0.0518745728791017 0.0028958219138098176
42.06980704900004 -0.04998859737719705 0.0028790586460403673
42.07201833568116 -0.04810903783283949 0.0028625577155211206
42.074229622362274 -0.046236622838205656 0.002846332271365812
42.0764409090434 -0.04437208098547222 0.0028303954626881815
42.078652195724516 -0.04251614086683378 0.0028147604386021172
42.08086348240564 -0.0406695310744611 0.002799440348221311
42.08307476908676 -0.03883298020054869 0.002784448340659648
42.085286055767874 -0.03700715892255553 0.0027697963665323506
42.087497342449 -0.03519231171548844 0.002755487556537564
42.089708629130115 -0.033388492740389956 0.0027415211029787325
42.09191991581124 -0.03159575527570864 0.0027278961798950303
42.094131202492356 -0.029814152599916134 0.0027146119613258063
42.09634248917348 -0.02804373799146117 0.002701667621310235
42.0985537758546 -0.011038745990604231 0.0012627114505044685
42.100765062535714 -0.009334497733323573 0.0012621192674417828
42.10297634921684 -0.007641248593633962 0.0012613826569100662
42.105187635897956 -0.005959001012217391 0.0012605107225445217
42.10739892257908 -0.004287759550470208 0.0012595121733851677
42.1096102092602 -0.002627530792046421 0.001258395340658046
42.111821495941314 -0.0009783232483360593 0.0012571681938482312
42.11403278262244 0.0006598527322476221 0.00125583835611203
42.116244069303555 0.0022869850514711286 0.001254413119072776
42.11845535598468 0.0039030599452538604 0.001252899457041881
42.120666642665796 0.005508062064494201 0.0012513040407044814
42.12287792934691 0.007101974553104815 0.001249633250306387
42.12508921602804 0.008684779123313289 0.00124789318837711
42.127300502709154 0.010256456128454926 0.0012460896920215082
42.12951178939028 0.01181698463347011 0.0012442283448106171
42.131723076071395 0.013366342483130874 0.001242314488300594
42.13393436275251 0.014904506368288975 0.0012403532332066643
42.13614564943364 0.01643145189015012 0.001238349470257595
42.138356936114754 0.017947153622746362 0.0012363078807544714
42.14056822279588 0.019451585173766835 0.0012342329468560222
42.142779509476995 0.020944719243727643 0.001232128961611529
42.14499079615812 0.02242652768372635 0.0012300000387606034
42.147202082839236 0.02389698155171256 0.0012278501223182015
42.14941336952035 0.025356051167501652 0.001225682995961508
42.15162465620148 0.0268037061664827 0.0012235022922344578
42.153835942882594 0.02823991555213183 0.0012213115015841814
42.15604722956372 0.029664647747432195 0.0012191139812424599
42.158258516244835 0.031077870645133576 0.0012169129639643284
42.16046980292595 0.03247955165703083 0.0012147115666344176
42.16268108960708 0.03386965776218097 0.0012125127987508552
42.16489237628819 0.03524815555413269 0.0012103195707951514
42.16710366296932 0.03661501128723313 0.0012081347024953588
42.169314949650435 0.037970190921915094 0.0012059609309889175
42.17152623633155 0.039313660169105105 0.001203800918890063
42.173737523012676 0.040645384533643594 0.0012016572622659538
42.17594880969379 0.0419653293567568 0.0011995324985242858
42.17816009637492 0.043273459857611496 0.001197429114214054
42.180371383056034 0.044569741173828774 0.0011953495527402243
42.18258266973715 0.04585413840106175 0.0011932962219915898
42.184793956418275 0.04712661663150208 0.001191271501880332
42.18700524309939 0.04838714099132472 0.0011892777517904694
42.189216529780516 0.04963567667707076 0.0011873173179312534
42.19142781646163 0.05087218899082252 0.0011853925405907178
42.19363910314276 0.05209664337424647 0.0011835057612831301
42.195850389823875 0.05330900608738598 0.0011816593218494835
42.19806167650499 0.05450927542940098 0.0011798551893429084
42.200272963186116 0.05569749531491057 0.0011780948019939888
42.20248424986723 0.056873712709580165 0.0011763796023947107
42.20469553654836 0.05803797403868866 0.0011747110891248403
42.206906823229474 0.05919032516374088 0.0011730908241805464
42.20911810991059 0.06033081136450884 0.0011715204400414207
42.211329396591715 0.06145947732651146 0.001170001646360129
42.21354068327283 0.06257636713406867 0.0011685362362584804
42.215751969953956 0.06368152426905492 0.0011671260922135607
42.21796325663507 0.06477499161534378 0.0011657731915176936
42.22017454331619 0.06585681146912234 0.0011644796112957715
42.222385829997314 0.06692702555504637 0.0011632475330639078
42.22459711667843 0.06798567504832131 0.0011620792468134756
42.226808403359556 0.06903280060277686 0.0011609771546049709
42.22901969004067 0.070068442384871 0.0011599437736567807
42.23123097672179 0.07109264011373005 0.0011589817389143363
42.233442263402914 0.07210543310712912 0.0011580938050860816
42.23565355008403 0.07310686033341784 0.001157282848133411
42.237864836765155 0.07409696046937644 0.0011565518662027359
42.24007612344627 0.07507577196385427 0.0011559039799890446
42.242287410127396 0.07604333310720404 0.001155342432521401
42.24449869680851 0.0769996821063024 0.0011548705883623403
42.24670998348963 0.07794485716512586 0.0011544919322144446
42.248921270170754 0.0788788965706535 0.0011542100669290915
42.25113255685187 0.07980183878395535 0.0011540287109139825
42.253343843532996 0.08071372253630106 0.0011539516949378727
42.25555513021411 0.08161458692999694 0.0011539829583328476
42.25776641689523 0.08250447154380021 0.0011541265445964267
42.259977703576354 0.08338341654257525 0.0011543865963978604
42.26218899025747 0.08425146279093719 0.0011547673499951042
42.264400276938595 0.08510865197060606 0.0011552731290711434
42.26661156361971 0.08595502670107437 0.0011559083380005433
42.26882285030083 0.08679063066332704 0.0011566774545594188
42.27103413698195 0.08761550872617872 0.0011575850220942171
42.27324542366307 0.08842970707487462 0.0011586356411670481
42.275456710344194 0.08923327334158188 0.0011598339606975823
42.27766799702531 0.09002625673729144 0.001161184668623687
42.27987928370643 0.09080870818478168 0.001162692482105333
42.28209057038755 0.09158068045213957 0.0011643621372982914
42.28430185706867 0.09234222828641778 0.0011661983787263103
42.286513143749794 0.09309340854699369 0.001168205948282497
42.28872443043091 0.09383428033810813 0.001170389573892313
42.290935717112035 0.09456490514019222 0.0011727539578726676
42.29314700379315 0.09528534693943866 0.0011753037650228525
42.29535829047427 0.09599567235522462 0.0011780436104849594
42.29756957715539 0.09669595076486441 0.0011809780474123497
42.29978086383651 0.0973862544252588 0.0011841115544861474
42.301992150517634 0.098066658591014 0.0011874485233207383
42.30420343719875 0.09873724162853563 0.001190993245799683
42.30641472387987 0.09939808512573942 0.0011947499013845787
42.30862601056099 0.10004926203991094 0.001198722720633454
42.31083729724211 0.1006907881190194 0.0012029166876407781
42.31304858392323 0.10132266308307196 0.0012073369183088056
42.31525987060435 0.10194488958123188 0.0012119883709647804
42.31747115728547 0.10255747308777001 0.0012168758389251395
42.31968244396659 0.10316042178137796 0.0012220039434977725
42.32189373064771 0.1037537464154412 0.001227377127346783
42.32410501732883 0.10433746017964309 0.0012329996482503768
42.32631630400995 0.10491158126098973 0.0012388752388733037
42.32852759069107 0.10547618311825847 0.0012450008082156416
42.33073887737219 0.10603138731173652 0.001251367041418964
42.33295016405331 0.10657731450075401 0.0012579643275512106
42.33516145073443 0.10711408224921559 0.0012647830137654155
42.33737273741555 0.1076418047277602 0.001271813430144819
42.33958402409667 0.108160592454402 0.0012790459127246287
42.34179531077779 0.10867055207244646 0.0012864708246855254
42.34400659745891 0.1091717861644302 0.00129407857572811
42.34621788414003 0.10966439310060842 0.0013018596396476094
42.34842917082115 0.11014846692047103 0.0013098045701390036
42.35064045750227 0.11062409724568732 0.0013179040148716006
42.35285174418339 0.11109136922276999 0.0013261487278787357
42.35506303086451 0.11155036349379926 0.0013345295803160442
42.35727431754563 0.11200115619344585 0.0013430375696455935
42.35948560422675 0.11244381897058844 0.0013516638273082173
42.36169689090787 0.1128784190328343 0.001360399624949642
42.36390817758899 0.11330501921223161 0.0013692363792672624
42.366119464270106 0.11372367805058238 0.0013781656555474071
42.36833075095123 0.11413444990273737 0.0013871791699620632
42.37054203763235 0.11453738505636413 0.001396268790695001
42.37275332431347 0.11493252986674363 0.0014054265379666417
42.37496461099459 0.11531992690517857 0.0014146445830248286
42.377175897675706 0.11569961511974293 0.0014239152461686568
42.37938718435683 0.11607163000711214 0.001433230993868875
42.38159847103795 0.11643600379434009 0.0014425844350470429
42.38380975771907 0.11679276562953018 0.0014519683165729901
42.38602104440019 0.11714194178038964 0.0014613755180361901
42.38823233108131 0.11748355583980749 0.0014707990458452864
42.39044361776243 0.11781762893760345 0.0014802320267049062
42.392654904443546 0.1181441799577499 0.0014896677005174846
42.39486619112467 0.11846322576038522 0.0014990994127527626
42.39707747780579 0.11877478140805361 0.0015085206063252473
42.39928876448691 0.11907886039568086 0.0015179248130165004
42.40150005116803 0.11937547488383257 0.0015273056444746243
42.403711337849145 0.11966463593492804 0.0015366567828215736
42.40592262453027 0.11994635375209554 0.0015459719708938932
42.40813391121139 0.12022063792045518 0.0015552450021402216
42.41034519789251 0.120487497650677 0.0015644697101956267
42.41255648457363 0.12074694202469055 0.001573639958148608
42.414767771254745 0.12099898024353016 0.0015827496275151063
42.41697905793587 0.12124362187730557 0.0015917926069291544
42.419190344616986 0.12148088150653878 0.0016007627712397116
42.42140163129811 0.12171088468968567 0.0016096537449482426
42.42361291797923 0.1219338740451245 0.0016184588766187222
42.425824204660344 0.12215009980210796 0.0016271714592842334
42.42803549134147 0.12235981434619886 0.0016357847304459552
42.430246778022585 0.12256327218733092 0.0016442918603330702
42.43245806470371 0.12276072991848822 0.00165268593993256
42.43466935138483 0.1229524461655738 0.0016609599687739999
42.436880638065944 0.12313868152902793 0.0016691068424534749
42.43909192474707 0.12331969851767575 0.001677119339876799
42.441303211428185 0.123495755815631 0.0016849920994128403
42.44351449810931 0.12366708947921622 0.0016927282263598097
42.445725784790426 0.12383393081799213 0.0017003330179958815
42.44793707147155 0.12399651276489697 0.0017078116502058371
42.45014835815267 0.12415506960164757 0.0017151691912639126
42.452359644833784 0.12430983670182527 0.0017224106149079548
42.45457093151491 0.1244610502907705 0.0017295408127142695
42.456782218196025 0.12460894722141265 0.0017365646058172314
42.45899350487715 0.12475376476525465 0.0017434867560133988
42.461204791558266 0.12489574041779235 0.0017503119762851272
42.46341607823938 0.12503511171775067 0.001757044940776353
42.46562736492051 0.12517211607955783 0.0017636902942486773
42.467838651601625 0.12530699063855535 0.001770252661043696
42.47004993828275 0.12543997210849547 0.0017767366535747541
42.472261224963866 0.12557129665091135 0.0017831468803680669
42.47447251164498 0.12570119975601252 0.0017894879536720291
42.47668379832611 0.12582991613477493 0.0017957644966502956
42.478895085007224 0.1259576796219438 0.00180198115017303
42.48110637168835 0.12608472308969934 0.0018081425792189942
42.483317658369465 0.12621127837174917 0.0018142534788988503
42.48552894505059 0.12633757619765637 0.0018203185801097285
42.487740231731706 0.12646384613721082 0.0018263426548285873
42.48995151841282 0.1265903165546913 0.0018323305210519172
42.49216280509395 0.12671721457286161 0.0018382870473872277
42.494374091775065 0.12684476604656883 0.0018442171573014668
42.49658537845619 0.12697319554582248 0.0018501258330306956
42.498796665137306 0.12710272634822675 0.0018560181191539253
42.50100795181842 0.12723358044066546 0.0018618991258344266
42.50321923849955 0.12736597853012097 0.001867774031730252
42.505430525180664 0.12750014006352225 0.0018736480865758681
42.50764181186179 0.12763628325651852 0.0018795266134364575
42.509853098542905 0.12777462513105595 0.0018854150106354694
42.51206438522402 0.12791538156165416 0.0018913187533568126
42.514275671905146 0.12805876733025104 0.0018972433949219225
42.51648695858626 0.12820499618948955 0.0019031945677424947
42.51869824526739 0.12835428093431328 0.0019091779839496995
42.520909531948504 0.12850683348171044 0.0019151994357000728
42.52312081862962 0.12866286495845966 0.0019212647951594676
42.525332105310746 0.1288225857966921 0.0019273800141655767
42.52754339199186 0.12898620583708775 0.0019335511235704737
42.52975467867299 0.12915393443552126 0.0019397842322843094
42.531965965354104 0.12932592143726437 0.0019460858131067264
42.53417725203522 0.12950210888600475 0.0019524634170919029
42.536388538716345 0.12968239494870265 0.0019589248693244643
42.53859982539746 0.12986667997917398 0.001965478043203735
42.540811112078586 0.13005486653036932 0.0019721308590418497
42.5430223987597 0.13024685935832414 0.001978891282499775
42.54523368544083 0.13044256541775312 0.00198576732286237
42.547444972121944 0.13064189384923716 0.0019927670311528133
42.54965625880306 0.13084475595800643 0.0019998984980886406
42.551867545484185 0.13105106518430454 0.002007169851880967
42.5540788321653 0.13126073528336063 0.002014589197333364
42.55629011884643 0.13147361856465486 0.0020221625850344012
42.558501405527544 0.1316894894015936 0.0020298934657153127
42.56071269220866 0.1319081178443387 0.0020377851080516153
42.562923978889785 0.1321292745385202 0.0020458407616641824
42.5651352655709 0.1323527306932866 0.002054063657505934
42.567346552252026 0.13257825804983953 0.002062457008243169
42.56955783893314 0.13280562885044553 0.002071024008631343
42.57176912561426 0.1330346158079561 0.0020797678358864956
42.573980412295384 0.13326499207583142 0.0020886916500520497
42.5761916989765 0.15866411894884963 0.0009608444056142971
42.578402985657625 0.15881627004384324 0.0009671495431559908
42.58061427233874 0.1589695307987839 0.0009734709089758395
42.58282555901987 0.15912380927383984 0.0009798100706502513
42.585036845700984 0.15927901215155074 0.0009861685616816768
42.5872481323821 0.15943504483826704 0.0009925478815396341
42.589459419063225 0.15959181156433838 0.000998949495705993
42.59167070574434 0.1597492154830778 0.0010053748357255216
42.593881992425466 0.15990715876852646 0.001011825299262653
42.59609327910658 0.16006554271202078 0.0010183022501646319
42.5983045657877 0.16022426781758767 0.0010248070185322968
42.600515852468824 0.16038323389616327 0.0010313409007985431
42.60272713914994 0.16054234015864247 0.001037905159815196
42.604938425831065 0.16070148530776718 0.0010445010249489632
42.60714971251218 0.1608605676288367 0.001051129692186364
42.6093609991933 0.1610194850792521 0.0010577923242486278
42.61157228587442 0.16117813537687364 0.0010644900507163588
42.61378357255554 0.16133641608718755 0.0010712239681644495
42.615994859236665 0.16149422470927577 0.001077995140307699
42.61820614591778 0.16165145876056247 0.0010848045981567812
42.6204174325989 0.1618080158603374 0.001091653340185374
42.62262871928002 0.16196379381202733 0.001098542332508018
42.62484000596114 0.1621186906842025 0.0011054725090689995
42.627051292642264 0.1622726048903041 0.001112444771842536
42.62926257932338 0.1624254352670606 0.00111945999104371
42.6314738660045 0.16257708115158614 0.0011265190053508134
42.63368515268562 0.16272744245712775 0.0011336226221384975
42.63589643936674 0.16287641974744332 0.0011407716177218687
42.63810772604786 0.1630239143097933 0.001147966737611672
42.64031901272898 0.16316982822651033 0.001155208696779861
42.642530299410105 0.16331406773527227 0.0011624981389098275
42.64474158609122 0.16345658884203115 0.001169835071250291
42.64695287277234 0.16359738630710755 0.0011772190118131594
42.64916415945346 0.1637364574752426 0.001184649444246443
42.65137544613458 0.16387380130150925 0.001192125830675289
42.653586732815704 0.1640094183216491 0.001199647612687206
42.65579801949682 0.16414331062571794 0.0012072142122378424
42.65800930617794 0.1642754818349368 0.0012148250324828323
42.66022059285906 0.1644059370816069 0.0012224794585398002
42.66243187954018 0.16453468299195614 0.0012301768581853105
42.6646431662213 0.16466172767177387 0.001237916582491406
42.66685445290242 0.16478708069467132 0.0012456979664053308
42.66906573958354 0.16491076260756538 0.0012535202652907496
42.67127702626466 0.16503285408647436 0.0012613823257585466
42.67348831294578 0.16515345945205104 0.0012692828337767205
42.6756995996269 0.1652726842302458 0.0012772204667093323
42.67791088630802 0.1653906350241487 0.0012851938948410906
42.680122172989144 0.16550741943391678 0.0012932017825315403
42.68233345967026 0.16562314598060515 0.0013012427892971383
42.68454474635138 0.16573792403383256 0.0013093155708240667
42.6867560330325 0.16585186374319133 0.00131741877991318
42.68896731971362 0.16596507597332158 0.0013255510673592832
42.69117860639474 0.16607767224256695 0.0013337110827669064
42.69338989307586 0.16618976466511745 0.0013418974753037613
42.69560117975698 0.1663014658965626 0.0013501088943944403
42.6978124664381 0.16641288908275906 0.0013583439903554213
42.70002375311922 0.16652414781192962 0.0013666014149732973
42.70223503980034 0.16663535606990992 0.0013748798220280943
42.70444632648146 0.16674662819844924 0.0013831778677625497
42.70665761316258 0.16685807885649107 0.001391494211299634
42.7088688998437 0.16696982298434174 0.0013998275150090603
42.71108018652482 0.1670819757706482 0.0014081764448244148
42.71329147320594 0.1671946526221097 0.00141653967051247
42.71550275988706 0.16730796913583598 0.0014249158658952577
42.717714046568176 0.16742204107428674 0.0014333037090268816
42.7199253332493 0.16753698434271017 0.0014417018823255222
42.72213661993042 0.16765291496901238 0.0014501090726619632
42.72434790661154 0.16776994908599357 0.0014585239714059064
42.72655919329266 0.16788820291587458 0.001466945274430345
42.728770479973775 0.16800779275706224 0.0014753716820756772
42.7309817666549 0.16812883497308315 0.0014838018990737016
42.73319305333602 0.16825144598363265 0.0014922346344325226
42.73540434001714 0.16837574225768653 0.0015006686012833143
42.73761562669826 0.16850184030861576 0.0015091025166888991
42.73982691337938 0.16862985669126626 0.001517535101415537
42.7420382000605 0.1687599080009463 0.0015259650796675443
42.744249486741616 0.1688921108742915 0.0015343911787860142
42.74646077342274 0.16902658199195736 0.001542812128911307
42.74867206010386 0.16916343808310902 0.0015512266626098727
42.75088334678498 0.16930279593167827 0.0015596335144658735
42.7530946334661 0.16944477237778674 0.0015680314224861649
42.755305920147215 0.16958948190427514 0.0015764197913192164
42.75751720682834 0.1697370326141766 0.0015847996789714583
42.759728493509456 0.1698875307768165 0.001593172404532243
42.76193978019058 0.1700410816924425 0.0016015392994599262
42.7641510668717 0.17019778969085347 0.0016099017092140217
42.766362353552815 0.1703577581286179 0.0016182609946473693
42.76857364023394 0.17052108938500996 0.0016266185331668965
42.770784926915056 0.1706878848568046 0.0016349757196716511
42.77299621359618 0.17085824495206345 0.0016433339672760508
42.7752075002773 0.17103226908302427 0.001651694707824757
42.77741878695842 0.1712100556582292 0.001660059392206551
42.77963007363954 0.17139170207399224 0.0016684294904725123
42.781841360320655 0.17157730443831135 0.0016768064929292856
42.78405264700178 0.17176693702479992 0.0016851919991000422
42.786263933682896 0.17196063803438497 0.0016935877774011923
42.78847522036402 0.17215844186180268 0.0017019956226966909
42.79068650704514 0.1723603825419446 0.0017104173404813702
42.792897793726254 0.172566493731412 0.0017188547460646462
42.79510908040738 0.17277680868863687 0.001727309663609147
42.797320367088496 0.17299136025276807 0.0017357839250288784
42.79953165376962 0.17321018082152162 0.001744279368751754
42.80174294045074 0.17343330232816748 0.0017527978383505786
42.803954227131854 0.17366075621786337 0.00176134118104838
42.80616551381298 0.1738925734235063 0.0017699112461027433
42.808376800494095 0.17412877732057194 0.0017785101068043463
42.81058808717522 0.17436928699690035 0.0017871431530310721
42.812799373856336 0.17461394203259517 0.0017958183444946932
42.81501066053745 0.1748625798484356 0.00180454376027192
42.81722194721858 0.17511503769528336 0.001813327534349958
42.819433233899694 0.17537115264463832 0.0018221778546586534
42.82164452058082 0.17563076158440144 0.0018311029619215813
42.823855807261936 0.1758937012197115 0.001840111148332944
42.82606709394305 0.1761598080787678 0.0018492107560684067
42.82827838062418 0.17642891852350473 0.0018584101756361378
42.830489667305294 0.17670086876501098 0.001867717844075054
42.83270095398642 0.1769754948835814 0.0018771422430070162
42.834912240667535 0.17725263285325696 0.0018866918965484898
42.83712352734866 0.17753211857074624 0.0018963753690885907
42.839334814029776 0.17781378788856245 0.0019062012629383913
42.84154610071089 0.17809747665225506 0.001916178215858076
42.84375738739202 0.1783830207415573 0.0019263148984666756
42.845968674073134 0.17867025611529005 0.0019366200115400198
42.84817996075426 0.1789590188598548 0.0019471022832024878
42.850391247435375 0.17924914524110291 0.0019577704660168477
42.85260253411649 0.1795404717594094 0.0019686333339782197
42.85481382079762 0.17983283520771728 0.0019796996794163037
42.857025107478734 0.18012607273233944 0.0019909783098110974
42.85923639415986 0.18042002189629563 0.0020024780445273694
42.861447680840975 0.18071452074491692 0.002014207711471836
42.86365896752209 0.18100940787349584 0.002026176143678995
42.865870254203216 0.18130451503000033 0.002038391929179217
42.86808154088433 0.18159960419660645 0.002050861311994185
42.87029282756546 0.18189440141718735 0.0020635892606344166
42.872504114246574 0.18218863649981795 0.0020765807608063964
42.8747154009277 0.1824820435875605 0.0020898408268735388
42.876926687608815 0.18277436128514532 0.00210337449865257
42.87913797428993 0.1830653327640398 0.0021171868374577105
42.88134926097106 0.18335470584688623 0.0021312829214410927
42.88356054765217 0.18364223307234998 0.0021456678402804012
42.8857718343333 0.18392767174143954 0.0021603466892654286
42.887983121014415 0.18421078394633408 0.0021753245628337485
42.89019440769553 0.18449133658280284 0.002190606547608055
42.892405694376656 0.18476910134723934 0.0022061977149845377
42.89461698105777 0.1850438547193457 0.00222210311332238
42.8968282677389 0.18531537391639352 0.0022383277643609214
42.899039554420014 0.18558340476676838 0.00225487669133491
42.90125084110113 0.1858476786146078 0.0022717548909478307
42.903462127782255 0.1861079310919405 0.0022889673030255693
42.90567341446337 0.1863639021521723 0.00230651880135551
42.907884701144496 0.1866153359221704 0.002324414184589581
42.91009598782561 0.18686198054684477 0.0023426581670498714
42.91230727450673 0.18710358802709112 0.002361255369473645
42.914518561187855 0.18733991405187606 0.0023802103097291375
42.91672984786897 0.18757071782523688 0.0023995273935332522
42.918941134550096 0.1877957618889276 0.0024192109051999863
42.92115242123121 0.18801481194137823 0.0024392649984440093
42.92336370791233 0.21207607568698428 0.0010247437438884422
42.925574994593454 0.21236669573868464 0.0010257190681272812
42.92778628127457 0.21264970527497815 0.0010271839422274854
42.929997567955695 0.21292522655988347 0.0010291427789130962
42.93220885463681 0.21319338764344706 0.001031599105124765
42.934420141317936 0.2134543215828945 0.0010345555488302301
42.93663142799905 0.21370816565395603 0.0010380138327583447
42.93884271468017 0.21395506055939936 0.0010419747747434786
42.941054001361294 0.21419514964152073 0.0010464382942953054
42.94326528804241 0.21442857810502733 0.0010514034249506715
42.945476574723536 0.21465549225629632 0.0010568683319186073
42.94768786140465 0.21487603876444852 0.0010628303344957359
42.94989914808577 0.21509036394913517 0.0010692859327089516
42.952110434766894 0.21529861309927417 0.001076230837631205
42.95432172144801 0.21550092982635832 0.0010836600048168268
42.956533008129135 0.21569745545530536 0.001091567670311976
42.95874429481025 0.21588832845515737 0.0010999473887117956
42.96095558149137 0.21607368391135204 0.0011087920727605699
42.96316686817249 0.21625365304066155 0.0011180940340185764
42.96537815485361 0.2164283627493641 0.0011278450241529831
42.967589441534734 0.21659793523470666 0.00113803627644612
42.96980072821585 0.21676248762923198 0.0011486585471510967
42.97201201489697 0.2169221316871727 0.0011597021563652607
42.97422330157809 0.21707697351172173 0.0011711570281291868
42.97643458825921 0.21722711389175506 0.0011830127342780609
42.978645874940334 0.21737269826593808 0.001195258955709254
42.98085716162145 0.21751395639918925 0.0012078858714547963
42.983068448302575 0.2176511225407979 0.0012208835390521747
42.98527973498369 0.21778442668608092 0.001234241859092004
42.98749102166481 0.21791409500021947 0.0012479506139908788
42.98970230834593 0.21804035020951038 0.0012619995043205432
42.99191359502705 0.21816341196074637 0.0012763781826705635
42.994124881708174 0.21828349714924167 0.0012910762850389368
42.99633616838929 0.21840082021585147 0.00130608345975875
42.99854745507041 0.2185155934132608 0.001321389393985072
43.00075874175153 0.21862802704173284 0.001336983837775547
43.00297002843265 0.21873832965450116 0.001352856625809985
43.005181315113774 0.21884670823299954 0.0013689976968030843
43.00739260179489 0.21895336833214654 0.0013853971106700129
43.00960388847601 0.2190585143689374 0.001402045064551598
43.01181517515713 0.21916239642664542 0.0014189321877821097
43.01402646183825 0.21926537497032064 0.0014360499537574341
43.01623774851937 0.21936782853644698 0.0014533901445683336
43.01844903520049 0.21947013826529319 0.0014709447661780477
43.02066032188161 0.21957268797588742 0.001488706054515567
43.02287160856273 0.2196758641751169 0.0015066664794322097
43.02508289524385 0.21978005600414327 0.0015248187466171288
43.02729418192497 0.21988565512536373 0.001543155797568746
43.02950546860609 0.21999305555318951 0.0015616708077181888
43.03171675528721 0.22010265343198382 0.0015803571828050583
43.03392804196833 0.22021484676453393 0.0015992085536029794
43.03613932864945 0.22033003509450952 0.0016182187690968533
43.03835061533057 0.22044861914638758 0.0016373818882109634
43.04056190201169 0.22057099912676378 0.0016566922537758215
43.04277318869281 0.2206975373283493 0.0016761468507530952
43.04498447537393 0.2208285506322415 0.0016957457092332043
43.04719576205505 0.22096434956570346 0.0017154893315539216
43.04940704873617 0.22110524001118403 0.0017353785368985273
43.05161833541729 0.2212515226349915 0.0017554144514623604
43.05382962209841 0.2214034923239808 0.0017755984969015863
43.05604090877953 0.22156143763277342 0.0017959323772175197
43.058252195460646 0.22172564024398628 0.0018164180642238467
43.06046348214177 0.2218963744438266 0.0018370577817315718
43.06267476882289 0.22207390661530813 0.001857853988580273
43.06488605550401 0.22225849475120302 0.001878809360636212
43.06709734218513 0.22245038798866423 0.0018999267718678426
43.069308628866246 0.22264982616730514 0.0019212092746056528
43.07151991554737 0.2228570394122991 0.0019426600790826553
43.07373120222849 0.22307224774387557 0.0019642825323476004
43.07594248890961 0.22329566071437792 0.0019860800966368178
43.07815377559073 0.22352747707379889 0.0020080563272822215
43.08036506227185 0.22376788446452628 0.002030214850231409
43.08257634895297 0.22401705914575493 0.0020525593392461514
43.084787635634086 0.22427516574784037 0.0020750934928451493
43.08699892231521 0.22454235705660527 0.002097821011048483
43.08921020899633 0.22481874311693265 0.002120745296776031
43.09142149567745 0.22510422562873905 0.0021438679395061632
43.09363278235857 0.22539862088930812 0.002167189772132452
43.095844069039686 0.22570173915644623 0.002190711558078649
43.09805535572081 0.22601338540873345 0.0022144339791626876
43.10026664240193 0.2263333598314716 0.0022383576208388316
43.10247792908305 0.22666145822884942 0.002262482956623625
43.10468921576417 0.22699747236720125 0.002286810331767242
43.106900502445285 0.22734119025454172 0.002311339946243064
43.10911178912641 0.22769239636163194 0.002336071837129844
43.111323075807526 0.2280508717899004 0.0023610058604679944
43.11353436248865 0.22841639439149988 0.0023861416726749423
43.11574564916977 0.22878873884661402 0.002411478711603964
43.117956935850884 0.22916767670302354 0.002437016177336543
43.12016822253201 0.2295529763826554 0.0024627530127942793
43.122379509213125 0.229944403159629 0.002488687884258661
43.12459079589425 0.23034169900516907 0.0025148189734371367
43.12680208257537 0.23074433002876832 0.0025411415861091658
43.12901336925649 0.23115156879657905 0.0025676488861618644
43.13122465593761 0.2315626912696501 0.00259433371871066
43.133435942618725 0.23197698211042928 0.002621188644643894
43.13564722929985 0.23239373538044333 0.0026482059324956075
43.137858515980966 0.23281225508197054 0.0026753775493462612
43.14006980266209 0.23323185555855536 0.0027026951509352267
43.14228108934321 0.2336518617688949 0.002730150071162762
43.144492376024324 0.23407160944825034 0.002757733311158626
43.14670366270545 0.23449044517088777 0.0027854355280823536
43.148914949386565 0.23490772632642276 0.0028132470238145016
43.15112623606769 0.23532282102219163 0.002841157733688141
43.15333752274881 0.23573510792292685 0.0028691572153958537
43.15554880942992 0.23614397603826212 0.0028972346382008713
43.15776009611105 0.23654883396273146 0.0029253800367755366
43.159971382792165 0.236949159578137 0.0029535911188949314
43.16218266947329 0.23734447117493285 0.0029818689169698286
43.164393956154406 0.23773430753797647 0.003010214940170488
43.16660524283552 0.23811822712626118 0.003038631232779398
43.16881652951665 0.2384958072441135 0.0030671204278659146
43.171027816197764 0.23886664317261805 0.0030956857909297257
43.17323910287889 0.23923034726050632 0.0031243312540765226
43.175450389560005 0.23958654797375162 0.0031530614412741916
43.17766167624113 0.23993488890327727 0.0031818816852290464
43.179872962922246 0.24027502773024123 0.0032107980363998826
43.18208424960336 0.2406066351485894 0.0032398172646561103
43.18429553628449 0.2409293937446745 0.0032689468540624193
43.186506822965605 0.2412429968339446 0.003298194991256142
43.18871810964673 0.24154714725487594 0.003327570547863346
43.190929396327846 0.2418415561204432 0.0033570830573758396
43.19314068300896 0.2421259415276243 0.003386742686895656
43.19535196969009 0.24240002722551274 0.0034165602041277333
43.197563256371204 0.24266354124275358 0.0034465469399841144
43.19977454305233 0.24291621827613497 0.0034767147667176582
43.201985829733445 0.24315793856729154 0.0035070767746371726
43.20419711641456 0.24338876669499687 0.0035376474271370723
43.206408403095686 0.24360877665025504 0.0035684416145783256
43.2086196897768 0.24381803863223603 0.0035994745405302157
43.21083097645793 0.24401661802857674 0.0036307616685068165
43.213042263139045 0.2442045743591299 0.0036623186664195245
43.21525354982016 0.24438196018518363 0.003694161348965503
43.217464836501286 0.24454881998568273 0.003726305618148547
43.2196761231824 0.24470518900153862 0.003758767402115179
43.22188740986353 0.24485109204865535 0.0037915625924724913
43.224098696544644 0.24498654229982103 0.0038247069802349438
43.22630998322577 0.24511154003517802 0.003858216190538093
43.228521269906885 0.24522607136049182 0.003892105616236236
43.230732556588 0.24533010689199541 0.003926390350493721
43.232943843269126 0.24542360040608568 0.003961085118460297
43.23515512995024 0.24550648745167955 0.003996204208111591
43.23736641663137 0.24557868396527704 0.004031761401037892
43.239577703312484 0.24564027079511833 0.0040677730156904466
43.2417889899936 0.2456919256431469 0.004104265119475922
43.244000276674726 0.2457344488202055 0.004141265580875897
43.24621156335584 0.245768642254857 0.004178801996804483
43.24842285003697 0.24579531283915315 0.004216901696888658
43.250634136718084 0.24581527549262983 0.004255591743475019
43.2528454233992 0.24582935595115324 0.0042948989274041284
43.255056710080325 0.2458383932818675 0.004334849759495094
43.25726799676144 0.2458432421210303 0.004375470457609873
43.259479283442566 0.24584477462790388 0.004416786929103276
43.26169057012368 0.24584388214504868 0.0044588247484101465
43.2639018568048 0.24584147655334634 0.004501609129491763
43.266113143485924 0.24583849130882107 0.004545164892833463
43.26832443016704 0.24583588214784516 0.004589516426680677
43.270535716848165 0.24583462744758453 0.004634687642205334
43.27274700352928 0.24583572664109973 0.004680702044021496
43.27495829021041 0.2458400651277048 0.004727591395343259
43.277169576891524 0.24584831092924714 0.004775401957973666
43.27938086357264 0.2458611290217952 0.004824181849682133
43.281592150253765 0.24587920512264233 0.004873979859706494
43.28380343693488 0.24590324489342177 0.004924845573590666
43.286014723616006 0.24593397271722195 0.004976829470409283
43.28822601029712 0.24597213008615731 0.005029982993489991
43.29043729697824 0.24601847363927895 0.00508435859567221
43.292648583659364 0.2460737728938906 0.005140009760093272
43.29485987034048 0.246138807716139 0.005196990997494424
43.297071157021605 0.2462143655790038 0.005255357821064347
43.29928244370272 0.24630123865740425 0.005315166699879696
43.30149373038384 0.2464002208109797 0.005376474992079042
43.303705017064964 0.24651210450508343 0.005439340858977423
43.30591630374608 0.24663767771964729 0.005503823161425924
43.308127590427205 0.24677772089379899 0.005569981339818143
43.31033887710832 0.2469330039514528 0.005637875279237471
43.31255016378944 0.24710429114392377 0.005707567241375925
43.31476145047056 0.24729236380228015 0.005779129056626143
43.31697273715168 0.2474979905677383 0.005852635610302946
43.319184023832804 0.2477219142632052 0.00592816218788106
43.32139531051392 0.24796484873280286 0.00600578434149127
43.32360659719504 0.24822747585674076 0.006085577748764152
43.32581788387616 0.24851044275419076 0.006167618065571404
43.32802917055728 0.2488143591827468 0.006251980774281414
43.3302404572384 0.24913979513901371 0.0063387410290905
43.33245174391952 0.24948727866133308 0.006427973499916901
43.334663030600645 0.24985729383282676 0.006519752216285734
43.33687431728176 0.25025027898065805 0.006614150412533436
43.33908560396288 0.2506666250659248 0.006711240375587977
43.341296890644 0.25110667425763883 0.006811093296468795
43.34350817732512 0.2515707186839832 0.006913779126559083
43.345719464006244 0.2520589993542664 0.00701936643959913
43.34793075068736 0.25257170524559547 0.007127922300231619
43.35014203736848 0.2531089725493428 0.007239512139841576
43.3523533240496 0.25367085225017033 0.007354199129530942
43.35456461073072 0.2542566420000155 0.007472033343708958
43.35677589741184 0.2548649374089294 0.0075930524351240725
43.35898718409296 0.2554943166852474 0.007717292504475778
43.36119847077408 0.25614337190165704 0.007844788510280788
43.3634097574552 0.25681070963888436 0.0079755741963998
43.36562104413632 0.2574949507670774 0.00810968201465654
43.36783233081744 0.2581947295406148 0.008247143045415944
43.37004361749856 0.2589086921695502 0.008387986918675367
43.372254904179684 0.2596354950161504 0.008532241737928405
43.3744661908608 0.26037380254847137 0.00867993400870815
43.37667747754192 0.26112228516597474 0.008831088573423379
43.37888876422304 0.26187961699490625 0.00898572855376625
43.38110005090416 0.2626444737345274 0.009143875301693862
43.38331133758528 0.2634155306194101 0.009305548359716325
43.3855226242664 0.26419146054815157 0.009470765430959248
43.38773391094752 0.26497093241553077 0.009639542359274158
43.38994519762864 0.2657526373944991 0.009811889723890764
43.39215648430976 0.26653554731168766 0.009987787210444063
43.39436777099088 0.2673188194737452 0.010167202445217485
43.396579057672 0.26810164532717645 0.01035010830256107
43.39879034435312 0.2688832509871544 0.010536483135383077
43.40100163103424 0.269662899245923 0.010726310740430007
43.40321291771536 0.2704398911371132 0.010919580227878053
43.40542420439648 0.27121356707471367 0.011116285814410286
43.4076354910776 0.2719833075885466 0.01131642655650077
43.409846777758716 0.27274853368026647 0.011520006038284378
43.41205806443984 0.2735087068248999 0.011727032026109833
43.41426935112096 0.27426332864348485 0.011937516099826222
43.41648063780208 0.27501194027231524 0.01215147326899033
43.4186919244832 0.2757541214538197 0.012368921580511172
43.420903211164315 0.2764894893736026 0.01258988172285352
43.42311449784544 0.27721768486521725 0.012814376186551197
43.42532578452656 0.27793813278163193 0.013042420301945799
43.42753707120768 0.27865007418637217 0.013274022897490573
43.4297483578888 0.27935280133144524 0.013509194383327117
43.43195964456992 0.28004566423602895 0.013747946751215654
43.43417093125104 0.28072806749191515 0.013990293233645111
43.436382217932156 0.281399466743081 0.014236247957759011
43.43859350461328 0.2820593649073415 0.01448582559529665
43.4408047912944 0.2827073082024514 0.014739041009544788
43.44301607797552 0.2833428820331455 0.01499590890008448
43.44522736465664 0.2839657067896243 0.0152564434458935
43.447438651337755 0.28457543360231463 0.015520657947228155
43.44964993801888 0.28517174009204665 0.015788564466493838
43.4518612247 0.2857543261495976 0.01606017346818381
43.45407251138112 0.28632290977364316 0.01633549345781769
43.45628379806224 0.28687722299158297 0.016614530619640293
43.458495084743355 0.2874170078837214 0.01689728845275702
43.46070637142448 0.2879420127275065 0.01718376740520786
43.462917658105596 0.28845198827534363 0.01747396450539258
43.46512894478672 0.28894668417664027 0.01776787299014495
43.46734023146784 0.2894258455522137 0.018065481928609343
43.46955151814896 0.28988920972717125 0.018366775841015523
43.47176280483008 0.29033650312650117 0.018671734311280073
43.473974091511195 0.290767438336242 0.018980331592314274
43.47618537819232 0.2911817113318353 0.01929253620275494
43.478396664873436 0.2915789988743941 0.019608310513755542
43.48060795155456 0.2919589560749343 0.019927610324359076
43.48281923823568 0.29232121412609297 0.02025038442381616
43.485030524916795 0.2926653782006499 0.020576574139137237
43.48724181159792 0.29299102551599493 0.020906112865973197
43.489453098279036 0.29329770356377965 0.021238925580803508
43.49166438496016 0.2935849285041935 0.021574928332248992
43.49387567164128 0.29385218372460437 0.021914027709110162
43.496086958322394 0.2940989185628239 0.0222561202825947
43.49829824500352 0.29432454719579265 0.02260109201992244
43.500509531684635 0.29452844769521785 0.022948817666294048
43.50272081836576 0.29470996125251414 0.023299160091944195
43.504932105046876 0.29486839174150886 0.023651969783254137
43.50714339172799 0.2950030773064435 0.02400716572221835
43.50935467840912 0.2951134989458411 0.02436487166075431
43.511565965090234 0.2951991189103886 0.024725251849669214
43.51377725177136 0.2952593502488445 0.0250884807843409
43.515988538452476 0.2952935558220493 0.025454744955470537
43.51819982513359 0.2953010469963111 0.02582424446115643
43.52041111181472 0.29528108200933356 0.026197194472991486
43.522622398495834 0.29523286400045184 0.026573826545789634
43.52483368517696 0.2951555386966447 0.026954389758067257
43.527044971858075 0.29504819174655106 0.027339151668530667
43.5292562585392 0.2949098456964363 0.02772839907270742
43.531467545220316 0.2947394566046995 0.028122438543266164
43.53367883190143 0.29453591029494336 0.0285215967378092
43.53589011858256 0.29429801825184193 0.0289262204587074
43.538101405263674 0.29402451316884287 0.029336676451139347
43.5403126919448 0.29371404416205016 0.02975335092773638
43.542523978625916 0.2933651716703338 0.030176648811090237
43.54473526530703 0.2929763620675189 0.03060699268897629
43.54694655198816 0.29254598201841003 0.031044821481152216
43.549157838669274 0.29207229261603224 0.03149058882118955
43.5513691253504 0.2915534433427001 0.03194476116170977
43.553580412031515 0.2909874659022167 0.03240781561649342
43.55579169871263 0.290372267974224 0.032880237558241696
43.558002985393756 0.28970562694461904 0.03336251799585149
43.56021427207487 0.28898518366753584 0.03385515076003343
43.562425558756 0.288208436314719 0.03435862953061481
43.564636845437114 0.2873727343671567 0.034873444742749934
43.56684813211824 0.28647527280124785 0.035400080412563435
43.569059418799355 0.2855130865180469 0.03593901092501205
43.57127070548047 0.2844830450587477 0.03649069782826004
43.5734819921616 0.2833818476432521 0.03705558667915169
43.575693278842714 0.2822060185610554 0.037634103983743825
43.57790456552384 0.2809519029352675 0.0382266542751322
43.580115852204955 0.30137010222276994 0.04395130168755725
43.58232713888607 0.30196663367758125 0.04470970176359938
43.584538425567196 0.3025763364551351 0.045489316683826886
43.58674971224831 0.3031995827224529 0.046290710093072535
43.58896099892944 0.3038367437643793 0.04711441573248616
43.591172285610554 0.3044881876953578 0.04796093569937517
43.59338357229167 0.30515427713527093 0.04883073904971106
43.595594858972795 0.30583536688196644 0.04972426074942059
43.59780614565391 0.3065318016117469 0.05064190097429197
43.60001743233504 0.3072439136370871 0.05158402475229443
43.60222871901615 0.30797202074820784 0.05255096193645094
43.60444000569727 0.30871642416228645 0.05354300749161559
43.606651292378395 0.3094774066006707 0.0545604220740868
43.60886257905951 0.31025523051105336 0.055603432879588
43.611073865740636 0.31105013644798746 0.05667223473243597
43.61328515242175 0.31186234162146026 0.05776699138667063
43.61549643910287 0.3126920386199097 0.05888783700893965
43.617707725783994 0.3135393943106342 0.060034877812306466
43.61991901246511 0.31440454891758984 0.06120819381048746
43.622130299146235 0.32641225577539335 0.1704850102658761
43.62434158582735 0.32548931167518064 0.17463500300199455
43.626552872508476 0.32448244830775613 0.17892344147158745
43.62876415918959 0.3233866906757207 0.18335165797203207
43.63097544587071 0.3221969251444077 0.18792088110534916
43.633186732551835 0.32090790581561734 0.19263223736544743
43.63539801923295 0.31951426095575286 0.19748675291276402
43.637609305914076 0.3180104994522883 0.20248535552045394
43.63982059259519 0.3163910172741041 0.20762887667587
43.64203187927631 0.3146501039124881 0.21291805382215837
43.644243165957434 0.3127819487813752 0.21835353272423655
43.64645445263855 0.32822184379697794 0.29968919182446496
43.648665739319675 0.32928329613771345 0.30862699963443524
43.65087702600079 0.33037849713214873 0.3178642642383293
43.65308831268191 0.33150821299241734 0.3274062637684286
43.65529959936303 0.3326732099306531 0.3372582763570184
43.65751088604415 0.33387425415897826 0.3474255801362883
43.659722172725274 0.3351121118895309 0.35791345323855706
43.66193345940639 0.3363875493344329 0.36872717379601017
43.664144746087516 0.3377013327058224 0.37987201994097025
43.66635603276863 0.33905422821582126 0.39135326980561874
43.66856731944975 0.3404470020765635 0.40317620152224426
43.670778606130874 0.34188042050018363 0.41534609322313915
43.67298989281199 0.3433552496988028 0.4278682230404786
43.675201179493115 0.3448722558845603 0.4407478691065962
43.67741246617423 0.3464322052695763 0.4539903095536618
43.67962375285535 0.34803586406598586 0.46760082251397
43.68183503953647 0.34968399848592413 0.48158468611981886
43.68404632621759 0.3513773747415109 0.49594717850337205
43.686257612898714 0.35311675904488665 0.5106935777969747
43.68846889957983 0.3549029176081704 0.5258291621327851
43.69068018626095 0.35673661664349776 0.5413592096431031
43.69289147294207 0.3586186223630046 0.5572889984602338
43.69510275962319 0.36054970097880923 0.5736238067163277
43.697314046304314 0.3625306187030538 0.5903689125437431
43.69952533298543 0.3645621417478558 0.6075295940746255
43.70173661966655 0.3666450363253513 0.6251111294412809
43.70394790634767 0.3687800686476773 0.6431187967760209
43.70615919302879 0.37096800492695026 0.6615578742109832
43.70837047970991 0.37320961137531417 0.6804336398785391
43.71058176639103 0.37550565420488446 0.6997513719108204
43.71279305307215 0.37785689962779884 0.7195163484401406
43.71500433975327 0.3802641138561944 0.7397338475988178
43.71721562643439 0.3827280631021861 0.7604091475189756
43.71942691311551 0.3852495135779198 0.7815475263329998
43.72163819979663 0.3878292314955093 0.8031542621730079
43.723849486477754 0.390467983067101 0.8252346331713912
43.72606077315887 0.3931665345048081 0.8477939174602618
43.72827205983999 0.39592565202076907 0.8708373931719423
43.73048334652111 0.3987461018271231 0.8943703384387628
43.73269463320223 0.4016286501359818 0.9183980313928244
43.73490591988335 0.40457406315949407 0.942925750166535
43.73711720656447 0.4075831071097708 0.9679587728919903
