logL Corr CorrErr
41.889506560143936 -0.2837767937097118 0.007992556328872937
41.891735754069565 -0.2842515162454976 0.008035224549059005
41.8939649479952 -0.28474001547956984 0.008076086587608321
41.89619414192083 -0.2852417930615509 0.00811516736164652
41.898423335846466 -0.2857563506410698 0.008152491788299748
41.900652529772096 -0.28628318986774853 0.008188084784693659
41.902881723697725 -0.28682181239121435 0.008221971267954273
41.90511091762336 -0.2873717198610946 0.008254176155207583
41.90734011154899 -0.2879324139270114 0.008284724363579278
41.909569305474626 -0.2885033962385937 0.008313640810195448
41.911798499400255 -0.2890841684454636 0.008340950412181804
41.914027693325885 -0.2896742321972483 0.008366678086664338
41.91625688725152 -0.2902730891435754 0.00839084875076902
41.91848608117715 -0.2908802409340666 0.008413487321621586
41.920715275102786 -0.29149518921835127 0.008434618716348078
41.922944469028415 -0.2921174356460512 0.00845426785207426
41.925173662954045 -0.29274648186679364 0.008472459645926092
41.92740285687968 -0.29338182953020636 0.008489219015029519
41.92963205080531 -0.29402298028591084 0.008504570876510334
41.93186124473094 -0.2946694357835347 0.008518540147494487
41.934090438656575 -0.2953206976727054 0.008531151745107907
41.936319632582205 -0.2959762676030445 0.008542430586476414
41.93854882650784 -0.2966356472241818 0.008552401588725972
41.94077802043347 -0.2972983381857385 0.00856108966898241
41.9430072143591 -0.29796384213734217 0.008568519744371663
41.945236408284735 -0.29863166072862074 0.008574716732019639
41.947465602210364 -0.2993012956091952 0.008579705549052194
41.949694796136 -0.2999722484286958 0.008583511112595256
41.95192399006163 -0.3006440208367434 0.008586158339774698
41.95415318398726 -0.3013161144829659 0.008587672147716425
41.956382377912895 -0.3019880310169909 0.008588077453546332
41.958611571838524 -0.30265927208843996 0.008587399174390317
41.96084076576416 -0.30332933934694245 0.008585662227374264
41.96306995968979 -0.30399773444212 0.008582891529624083
41.96529915361542 -0.3046639590236001 0.008579111998265661
41.967528347541055 -0.30532751474101066 0.008574348550424882
41.969757541466684 -0.3059879032439727 0.008568626103227669
41.97198673539232 -0.30664462618211613 0.008561969573799878
41.97421592931795 -0.30729718520506233 0.00855440387926745
41.97644512324358 -0.3079450819624391 0.008545953936756261
41.978674317169215 -0.3085878181038737 0.008536644663392167
41.980903511094844 -0.3092248952789879 0.008526500976301138
41.98313270502048 -0.30985581513741095 0.008515547792608985
41.98536189894611 -0.31048007932876487 0.00850381002944169
41.98759109287174 -0.3110971895026768 0.008491312603925102
41.989820286797375 -0.31170664730877445 0.00847808043318508
41.992049480723004 -0.31230795439667947 0.008464138434347604
41.99427867464863 -0.31290061241601935 0.008449511524538522
41.99650786857427 -0.3134841230164215 0.008434224620883682
41.9987370624999 -0.3140579878475076 0.008418302640509077
42.000966256425535 -0.31462170855890714 0.008401770500540503
42.003195450351164 -0.31517478680024186 0.008384653118103956
42.00542464427679 -0.3157167242211393 0.008366975410325285
42.00765383820243 -0.31624702247122644 0.008348762294330318
42.00988303212806 -0.3167651832001257 0.008330038687245073
42.012112226053695 -0.3172707080574657 0.00831082950619532
42.014341419979324 -0.3177630986928692 0.008291159668307083
42.01657061390495 -0.31824185675596295 0.008271054090706192
42.01879980783059 -0.31870648389637407 0.00825053769051848
42.02102900175622 -0.31915648176372524 0.00822963538486997
42.023258195681855 -0.31959135200764477 0.008208372090886422
42.025487389607484 -0.3200105962777556 0.008186772725693868
42.02771658353311 -0.32041371622368453 0.00816486220641814
42.02994577745875 -0.3208002134950585 0.008142665450185056
42.03217497138438 -0.3211695897415004 0.008120207374120655
42.034404165310015 -0.32152134661263815 0.00809751289535069
42.036633359235644 -0.3218549857580953 0.0080746069310012
42.03886255316127 -0.3221700088274983 0.008051514398198005
42.04109174708691 -0.32246591747047365 0.00802826021406693
42.04332094101254 -0.3227422133366452 0.008004869295734017
42.045550134938175 -0.3229983980756402 0.00798136656032501
42.047779328863804 -0.3232339733370824 0.00795777692496596
42.05000852278943 -0.32344844077059837 0.00793412530678268
42.05223771671507 -0.3236413020258142 0.00791043662290099
42.0544669106407 -0.3238120587523542 0.007886735790446941
42.05669610456633 -0.32396021259984453 0.007863047726546349
42.058925298491964 -0.3240852652179112 0.007839397348325033
42.06115449241759 -0.32418671825617895 0.007815809572909043
42.06338368634323 -0.32426407336427393 0.007792309317424122
42.06561288026886 -0.3243168321918213 0.007768921498996313
42.06784207419449 -0.32434449638844676 0.007745671034751435
42.070071268120124 -0.32434656760377584 0.007722582841815314
42.07230046204575 -0.3243225474874343 0.007699681837313988
42.07452965597139 -0.3242719376890472 0.007676992938373209
42.07675884989702 -0.3241942398582408 0.0076545410621190165
42.07898804382265 -0.32408895564464013 0.007632351125677231
42.081217237748284 -0.3239555866978706 0.007610448046173681
42.08344643167391 -0.3237936346675585 0.007588856740734397
42.08567562559955 -0.3236026012033283 0.007567602126485141
42.08790481952518 -0.3233819879548068 0.0075467091205519395
42.09013401345081 -0.32313129657161904 0.007526202640060622
42.092363207376444 -0.3228500287033896 0.0075061076021370205
42.09459240130207 -0.32253768599974586 0.007486448923907156
42.09682159522771 -0.3221937701103113 0.0074672515224968004
42.09905078915334 -0.3218177826847136 0.007448540315031968
42.10127998307897 -0.32140922537257754 0.007430340218638495
42.103509177004604 -0.32096759982352696 0.007412676150442219
42.10573837093023 -0.32049240768719034 0.007395573027569149
42.10796756485587 -0.31998315061319016 0.007379055767145072
42.1101967587815 -0.3189197716023236 0.0032959478980483584
42.11242595270713 -0.31816302064306273 0.003275018530206836
42.114655146632764 -0.3173754411418305 0.0032545863045860476
42.11688434055839 -0.3165570810468762 0.003234652833410466
42.11911353448402 -0.31570825222072857 0.0032152127029678548
42.12134272840966 -0.31482935235853987 0.0031962582676435566
42.12357192233529 -0.31392077806617746 0.0031777819374934407
42.125801116260924 -0.31298292466194766 0.003159776170047276
42.12803031018655 -0.31201618603765935 0.0031422334606372067
42.13025950411218 -0.31102095452526757 0.0031251463327102553
42.13248869803782 -0.30999762076958803 0.0031085073281615916
42.13471789196345 -0.30894657360743105 0.003092308997722384
42.136947085889084 -0.307868199953461 0.003076543891435099
42.13917627981471 -0.30676288469316076 0.0030612045492496233
42.14140547374034 -0.3056310105830539 0.0030462834917692905
42.14363466766598 -0.304472958158484 0.0030317732111771046
42.14586386159161 -0.3032891056490848 0.0030176661623688514
42.14809305551724 -0.302079828902031 0.003003954754318016
42.15032224944287 -0.3008455013132449 0.002990631341696936
42.1525514433685 -0.2995864937664903 0.0029776882167740805
42.15478063729414 -0.29830317458044836 0.0029651176016075678
42.15700983121977 -0.2969959094637036 0.0029529116405512634
42.1592390251454 -0.29566506147752025 0.0029410623930875746
42.16146821907103 -0.294310991006406 0.002929561827000168
42.16369741299666 -0.29293405573618997 0.0029184018118953267
42.1659266069223 -0.29153461063954866 0.0029075741130805783
42.16815580084793 -0.2901130079687332 0.0028970703858055467
42.17038499477356 -0.2886695972552206 0.0028868821698679065
42.17261418869919 -0.2872047253161502 0.0028770008845863
42.17484338262482 -0.2857187362671292 0.0028674178241381554
42.17707257655046 -0.28421197154123046 0.002858124153260192
42.17930177047609 -0.28268476991382513 0.0028491109033062685
42.181530964401716 -0.2811374675328813 0.0028403689686555622
42.18376015832735 -0.2795703979544804 0.002831889103463077
42.18598935225298 -0.2779838921831645 0.0028236619187420827
42.18821854617862 -0.2763782787167135 0.002815677879766599
42.19044774010425 -0.2747538835951233 0.0028079273037815394
42.192676934029876 -0.2731110304532781 0.002800400358005426
42.19490612795551 -0.2714500405770869 0.0027930870579108
42.19713532188114 -0.2697712329626817 0.002785977265765476
42.19936451580678 -0.26807492437827507 0.0027790606894168815
42.20159370973241 -0.2663614294284625 0.0027723268813015854
42.203822903658036 -0.2646310606204772 0.002765765237660133
42.20605209758367 -0.2628841284321988 0.002759364997937814
42.2082812915093 -0.26112094138154696 0.00275311524435056
42.21051048543494 -0.25934180609689417 0.0027470049015946973
42.21273967936057 -0.25754702738833857 0.0027410227366794116
42.214968873286196 -0.25573690831938717 0.0027351573588593058
42.21719806721183 -0.2539117502789142 0.002729397219645069
42.21942726113746 -0.2520718530530823 0.002723730612869215
42.2216564550631 -0.2502175148969203 0.0027181456747835493
42.22388564898873 -0.2483490326054714 0.002712630384165248
42.226114842914356 -0.24646670158411754 0.0027071725624071533
42.22834403683999 -0.2445708161446545 0.0027017599295866596
42.23057323076562 -0.24266168073623845 0.0026963828491678842
42.23280242469126 -0.24073961543364839 0.0026910355873646756
42.23503161861689 -0.23880494121237747 0.002685712607014703
42.237260812542516 -0.23685797884519513 0.002680408269085277
42.23949000646815 -0.23489904906118764 0.002675116848732418
42.24171920039378 -0.23292847269830885 0.0026698325508105127
42.24394839431941 -0.2309465708493817 0.002664549524833064
42.24617758824505 -0.2289536650016541 0.0026592618793852656
42.248406782170676 -0.22695007716984417 0.002653963695988371
42.25063597609631 -0.22493613002259497 0.0026486490424155727
42.25286517002194 -0.2229121470024768 0.0026433119854593467
42.25509436394757 -0.22087845243932513 0.0026379466031490263
42.25732355787321 -0.21883537165704176 0.0026325469964179
42.259552751798836 -0.21678323107376402 0.0026271073002182223
42.26178194572447 -0.2147223582952961 0.002621621694082116
42.2640111396501 -0.21265308220192108 0.0026160844121265593
42.26624033357573 -0.21057573302834598 0.0026104897524992553
42.26846952750137 -0.20849064243688742 0.002604832086262699
42.270698721426996 -0.20639814358376754 0.002599105865712669
42.27292791535263 -0.20429857117838182 0.0025933056321268302
42.27515710927826 -0.202192261535628 0.002587426022939265
42.27738630320389 -0.20007955262100754 0.002581461778335149
42.27961549712953 -0.1979607840885726 0.002575407747260213
42.281844691055156 -0.1958362973115467 0.0025692588928383354
42.28407388498079 -0.19370643540543883 0.0025630102971899225
42.28630307890642 -0.191571543243695 0.0025566571656437023
42.28853227283205 -0.18943196746555027 0.002550194830332713
42.29076146675769 -0.1872880564761053 0.0025436187531655404
42.292990660683316 -0.18514016043840095 0.0025369245281623154
42.29521985460895 -0.18298863125725343 0.002530107883144064
42.29744904853458 -0.18083382255483532 0.0025231646807637427
42.29967824246021 -0.17867608963759987 0.0025160909188651306
42.30190743638585 -0.17651578945450538 0.0025088827301558317
42.304136630311476 -0.17435328054624236 0.002501536381178701
42.306365824237105 -0.17218892298515215 0.00249404827056481
42.30859501816274 -0.170023078305698 0.0024864149265503522
42.31082421208837 -0.16785610942513932 0.0024786330037378877
42.313053406014006 -0.16568838055403443 0.0024706992790807765
42.315282599939636 -0.16352025709641732 0.0024626106470689354
42.317511793865265 -0.16135210553908724 0.0024543641140909902
42.3197409877909 -0.15918429332980766 0.00244595679194746
42.32197018171653 -0.1570171887439411 0.002437385890486816
42.324199375642166 -0.1548511607390166 0.0024286487093341446
42.326428569567796 -0.1526865787969391 0.0024197426286809132
42.328657763493425 -0.15052381275313567 0.0024106650991004676
42.33088695741906 -0.1483632326122794 0.0024014136303528865
42.33311615134469 -0.14620520809264861 0.0023919864030219626
42.335345345270326 -0.1440501051599878 0.00238238994886454
42.337574539195955 -0.1418982865978006 0.0023726366753796346
42.339803733121585 -0.1397501142436813 0.002362739025421311
42.34203292704722 -0.13760592937571092 0.0023527092193856907
42.34426212097285 -0.13546593311499744 0.002342558446339991
42.346491314898486 -0.13333026478736157 0.0023322973954299953
42.348720508824115 -0.13119906166938725 0.0023219366642887565
42.350949702749745 -0.12907245934999179 0.0023114867655716705
42.35317889667538 -0.12695059185156773 0.0023009581317495805
42.35540809060101 -0.12483359174829634 0.0022903611197764837
42.357637284526646 -0.12272159028170505 0.0022797060156389227
42.359866478452275 -0.12061471747375868 0.00226900303879466
42.362095672377905 -0.11851310223738172 0.002258262346505636
42.36432486630354 -0.11641687248466039 0.0022474940380713604
42.36655406022917 -0.11432615523271628 0.002236708158967026
42.368783254154806 -0.11224107670722545 0.002225914704889876
42.371012448080435 -0.11016176244376805 0.002215123625717896
42.373241642006064 -0.1080883373868069 0.0022043448293822686
42.3754708359317 -0.10602092598643921 0.002193588185656213
42.37770002985733 -0.10395965229281062 0.002182863529860917
42.37992922378296 -0.10190464004806764 0.0021721806664885632
42.382158417708595 -0.099856012775881 0.0021615493727426354
42.384387611634224 -0.09781389386837233 0.002150979401994059
42.38661680555986 -0.09577840667024975 0.002140480487150915
42.38884599948549 -0.09374967456016532 0.002130062343939931
42.39107519341112 -0.0917278210289267 0.0021197346740953493
42.393304387336755 -0.08971296975453291 0.002109507168451858
42.395533581262384 -0.08770524467375611 0.0020993895099363784
42.39776277518802 -0.08570477004997232 0.00208939137645277
42.39999196911365 -0.08371167053714951 0.0020795224436539433
42.40222116303928 -0.08172607123953118 0.002069792387593399
42.404450356964915 -0.07974809776688885 0.0020602108872493016
42.406679550890544 -0.07777787628497697 0.0020507876269124374
42.40890874481618 -0.07581553356081301 0.0020415322984288654
42.41113793874181 -0.07386119700261283 0.002032454603288526
42.41336713266744 -0.07191499469385752 0.002023564254548977
42.415596326593075 -0.0699770554213063 0.002014870978584638
42.417825520518704 -0.06804750869654703 0.0020063845166505088
42.42005471444434 -0.06612648477067677 0.0019981146262491403
42.42228390836997 -0.0642141146419253 0.0019900710822904253
42.4245131022956 -0.06231053005570091 0.0019822636780322
42.426742296221235 -0.060415863496889995 0.001974702225791248
42.428971490146864 -0.05853024817404048 0.0019673965574135044
42.43120068407249 -0.05665381799508984 0.0019603565244926953
42.43342987799813 -0.05478670753448549 0.0019535919983277718
42.43565907192376 -0.052929051991413664 0.0019471128696094443
42.437888265849395 -0.051080987138884974 0.001940929047827014
42.440117459775024 -0.049242649263673464 0.0019350504603883332
42.44234665370065 -0.04741417509682792 0.0019294870514457861
42.44457584762629 -0.04559569027522742 0.0019242469243788442
42.44680504155192 -0.043787263976491006 0.0019193290296159419
42.449034235477555 -0.04198894759313342 0.0019147294777543036
42.451263429403184 -0.04020079211556468 0.0019104443539222278
42.45349262332881 -0.038422848598448765 0.001906469699209409
42.45572181725445 -0.03665520721998308 0.001902799390590078
42.45795101118008 -0.03489803105960332 0.0018994233181303698
42.460180205105715 -0.03315149098953206 0.001896330940823226
42.462409399031344 -0.031415757722493644 0.0018935117195770458
42.46463859295697 -0.029691001802503718 0.0018909551171185663
42.46686778688261 -0.027977393596751245 0.0018886505978906829
42.46909698080824 -0.026275103288516264 0.0018865876279456758
42.471326174733875 -0.024584300871062763 0.001884755674834387
42.473555368659504 -0.02290515614263037 0.001883144207492109
42.47578456258513 -0.02123783870234335 0.0018817426961215272
42.47801375651077 -0.019582517947149845 0.0018805406120734314
42.4802429504364 -0.017939363069708357 0.0018795274277256166
42.482472144362035 -0.016308543057138695 0.0018786926163604427
42.484701338287664 -0.014690226690733504 0.001878025652041582
42.48693053221329 -0.013084582546435788 0.0018775160094902628
42.48915972613893 -0.011491778996173155 0.001877153163961478
42.49138892006456 -0.009911984209954107 0.0018769265911204374
42.493618113990195 -0.008345366158633648 0.001876825766919577
42.495847307915824 -0.006792092617430844 0.0018768401674763978
42.49807650184145 -0.005252331170002925 0.0018769592689523297
42.50030569576709 -0.003726249213157817 0.0018771725474328125
42.50253488969272 -0.0022140139621102768 0.0018774694788087193
42.50476408361835 -0.000715792456196271 0.0018778395386592325
42.506993277543984 0.0007682484349084988 0.001878272202136209
42.50922247146961 0.0022379420045508342 0.0018787569438500674
42.51145166539525 0.0036931217021276656 0.0018792832377571762
42.51368085932088 0.005133621125698109 0.0018798405570486683
42.51591005324651 0.00655927401435488 0.001880418374040617
42.518139247172144 0.00796991424027028 0.0018810061600654112
42.52036844109777 0.009365375800494014 0.0018815933853641778
42.52259763502341 0.010745492808573499 0.0018821695189800765
42.52482682894904 0.01211009948590947 0.001882724028652178
42.52705602287467 0.013459030153001717 0.001883246380709726
42.529285216800304 0.01479211922049285 0.0018837260399664313
42.53151441072593 0.016109201180070854 0.0018841524696144886
42.53374360465157 0.0174101105952846 0.0018845151311179668
42.5359727985772 0.018694682092176347 0.0018848034841051366
42.53820199250283 0.019962750349864104 0.0018850069862593444
42.540431186428464 0.021214150090972436 0.0018851150932079352
42.54266038035409 0.022448716071955057 0.0018851172584087332
42.54488957427973 0.023666283073344774 0.0018850029330335443
42.54711876820536 0.024866685889825914 0.0018847615658480817
42.54934796213099 0.026049759320237797 0.0018843826030876991
42.551577156056624 0.027215338157398395 0.0018838554883282535
42.55380634998225 0.02836325753126683 0.001883169683228249
42.55603554390789 0.029493404317551677 0.0018823177010920211
42.55826473783352 0.030605771374120506 0.0018812982896252066
42.56049393175915 0.03170036490818541 0.001880110946668771
42.562723125684784 0.03404155256606622 0.0010507453191910693
42.56495231961041 0.03509327919964337 0.0010512389782666774
42.56718151353604 0.0361265447280063 0.0010516632813485113
42.56941070746168 0.03714153148228801 0.001052020377289888
42.57163990138731 0.03813846137522811 0.0010523135507541155
42.57386909531294 0.03911755648213065 0.001052546118446498
42.57609828923857 0.04007903861051151 0.001052721418843577
42.5783274831642 0.04102312930553179 0.0010528428141009618
42.58055667708984 0.041950049854570376 0.0010529136918590962
42.58278587101547 0.04286002129104794 0.0010529374669469961
42.5850150649411 0.043753264397604255 0.001052917582983267
42.58724425886673 0.04462999970862252 0.0010528575138730233
42.58947345279236 0.04549044751225024 0.0010527607651987002
42.591702646718 0.0463348278519003 0.001052630875502107
42.59393184064363 0.04716336052731436 0.0010524714174545001
42.59616103456926 0.04797626509526125 0.001052285998910882
42.59839022849489 0.04877376086984682 0.001052078263844217
42.60061942242052 0.04955606692255326 0.001051851893154738
42.60284861634616 0.05032340208197714 0.0010516106053490857
42.60507781027179 0.05107598493332407 0.001051358157083576
42.60730700419742 0.05181403381771057 0.0010510983435655112
42.60953619812305 0.05253776683123594 0.0010508349988061327
42.61176539204868 0.05324740182391632 0.0010505719957184937
42.61399458597432 0.053943156398437 0.0010503132460533255
42.61622377989995 0.05462524790876074 0.0010500627001657852
42.61845297382558 0.05529389345862192 0.0010498243466058473
42.62068216775121 0.05594930989985762 0.001049602211525105
42.62291136167684 0.056591713830643306 0.0010494003578927422
42.62514055560248 0.057221321593577804 0.001049222884513597
42.62736974952811 0.057838349273636076 0.0010490739248414354
42.629598943453736 0.05844301269599952 0.0010489576455808643
42.63182813737937 0.05903552742371767 0.0010488782450717433
42.634057331305 0.0596161087552078 0.0010488399514504611
42.63628652523064 0.060184971721595155 0.0010488470205830918
42.63851571915627 0.06074233108383016 0.001048903733766187
42.640744913081896 0.0612884013296199 0.0010490143951918573
42.64297410700753 0.06182339667010734 0.0010491833291747636
42.64520330093316 0.06234753103629703 0.0010494148771397862
42.6474324948588 0.06286101807522254 0.0010497133943703784
42.64966168878443 0.0633640711457926 0.0010500832465189537
42.651890882710056 0.06385690331434704 0.0010505288058821778
42.65412007663569 0.0643397273498624 0.0010510544474455757
42.65634927056132 0.06481275571880946 0.0010516645447035834
42.65857846448696 0.06527620057966425 0.0010523634652629648
42.66080765841259 0.06573027377702634 0.0010531555662392988
42.663036852338216 0.06617518683538574 0.001054045189458257
42.66526604626385 0.06661114979497952 0.001055036601686207
42.66749524018948 0.06703834949542731 0.0010561329586856844
42.66972443411512 0.06745695167559615 0.001057336386579535
42.67195362804075 0.06786712132425467 0.0010586489345763355
42.674182821966376 0.06826902346840556 0.0010600726067930785
42.67641201589201 0.06866282317498579 0.0010616093569490918
42.67864120981764 0.06904868551645928 0.0010632610789548563
42.68087040374328 0.06942676618291167 0.0010650284111687616
42.68309959766891 0.06979719826958808 0.00106690905571432
42.685328791594536 0.07016011166151113 0.0010689002370906863
42.68755798552017 0.07051563642194632 0.0010709991339092285
42.6897871794458 0.07086390283492215 0.0010732028864071294
42.69201637337143 0.07120504144433155 0.0010755086036567923
42.69424556729707 0.07153918308955892 0.001077913370446472
42.696474761222696 0.0718664589376204 0.0010804142538115998
42.69870395514833 0.07218700051181445 0.0010830083092000775
42.70093314907396 0.0725009397168546 0.001085692586258166
42.70316234299959 0.07280840886052341 0.0010884641342274858
42.70539153692523 0.07310954067183936 0.0010913200069464684
42.707620730850856 0.07340446831577317 0.001094257267452884
42.70984992477649 0.07369332540455761 0.0010972729921869125
42.71207911870212 0.07397624600560894 0.001100364274796406
42.71430831262775 0.07425336464613752 0.0011035282295488017
42.71653750655339 0.07452481631447937 0.0011067619943556394
42.718766700479016 0.07479073645821954 0.0011100627334177384
42.72099589440465 0.07505126097918137 0.0011134276395006134
42.72322508833028 0.07530652622533027 0.0011168539358506098
42.72545428225591 0.0755566689796918 0.0011203388777638694
42.72768347618155 0.07580182644633936 0.0011238797538204543
42.729912670107176 0.07604213623353998 0.0011274738867969568
42.73214186403281 0.07627773633414622 0.0011311186342713544
42.73437105795844 0.07650876510329808 0.0011348113889337124
42.73660025188407 0.07673536123354036 0.00113854957861706
42.738829445809706 0.07695766372742074 0.0011423306660620694
42.741058639735336 0.07717581186765937 0.0011461521484293935
42.74328783366097 0.07738994518497969 0.001150011556573225
42.7455170275866 0.07760020342366519 0.0011539064540888183
42.74774622151223 0.07780672650494312 0.0011578344361468905
42.749975415437866 0.0780096544882572 0.00116179312812661
42.752204609363496 0.07820912753051344 0.001165780184058659
42.754433803289125 0.07840528584337912 0.0011697932848892087
42.75666299721476 0.07859826964869622 0.0011738301365745642
42.75889219114039 0.07878821913208439 0.0011778884680158424
42.761121385066026 0.0789752743948067 0.0011819660288422834
42.763350578991655 0.07915957540394607 0.0011860605870505432
42.765579772917285 0.0793412619409714 0.0011901699265072269
42.76780896684292 0.07952047354873522 0.0011942918443203698
42.77003816076855 0.07969734947696218 0.001198424148085208
42.772267354694186 0.07987202862628413 0.0012025646530087494
42.774496548619815 0.08004464949085327 0.0012067111789163419
42.776725742545445 0.08021535749489697 0.0012108617714574287
42.77895493647108 0.08038434663333603 0.0012150159623413987
42.78118413039671 0.08055183050081369 0.0012191738849803286
42.783413324322346 0.08071802241438025 0.001223335667362514
42.785642518247975 0.08088313534341202 0.0012275014261535675
42.787871712173605 0.08104736552287621 0.001231671130458386
42.79010090609924 0.08121081969194983 0.0012358440106675613
42.79233010002487 0.081373575080593 0.0012400191673003257
42.794559293950506 0.08153572238095055 0.0012441975587475502
42.796788487876135 0.08169736211204735 0.001248381463762644
42.799017681801764 0.0818585951153346 0.0012525731553713645
42.8012468757274 0.08201952243174929 0.0012567748745532647
42.80347606965303 0.08218024538296854 0.001260988833370785
42.805705263578666 0.08234086564167187 0.0012652172178271755
42.807934457504295 0.08250148529108589 0.0012694621904670534
42.810163651429924 0.08266220687410987 0.001273725892733196
42.81239284535556 0.08282313343228681 0.001278010447091589
42.81462203928119 0.08298436853489889 0.001282317958936428
42.81685123320682 0.08314601629846374 0.001286650518286043
42.819080427132455 0.0833081813968897 0.0012910102012796628
42.821309621058084 0.08347096906256123 0.001295399071484684
42.82353881498372 0.08363448507862467 0.001299819181023534
42.82576800890935 0.08379883576272362 0.0013042725715281711
42.82799720283498 0.08396412794246187 0.0013087612749305116
42.830226396760615 0.08413046892284126 0.0013132873140957989
42.832455590686244 0.0842979664459398 0.0013178527033059432
42.83468478461188 0.08446672864309311 0.0013224594485994042
42.83691397853751 0.08463686397982456 0.0013271095479732485
42.83914317246314 0.08480848119379547 0.0013318049914533725
42.841372366388775 0.08498168922601795 0.001336547761037681
42.843601560314404 0.08515659714558893 0.0013413398305171067
42.84583075424004 0.0853333140682032 0.0013461831651789926
42.84805994816567 0.08551194906868191 0.0013510797213964329
42.8502891420913 0.0856926110877815 0.0013560314461076542
42.852518336016935 0.08587540883351491 0.001361040276188318
42.854747529942564 0.08606045067723402 0.0013661081377198182
42.8569767238682 0.08624784454472013 0.0013712369451563307
42.85920591779383 0.0864376978025053 0.0013764286003925012
42.86143511171946 0.08663011713967678 0.001381684991734231
42.863664305645095 0.08682520844538094 0.0013870079927738644
42.865893499570724 0.08702307668225988 0.0013923994611713608
42.86812269349636 0.08722382575605098 0.001397861237342827
42.87035188742199 0.08742755838155374 0.0014033951430569437
42.87258108134762 0.08763437594519877 0.001409002979940561
42.874810275273255 0.08784437836441529 0.0014146865278936327
42.877039469198884 0.08805766394401128 0.001420447543414081
42.87926866312452 0.08827432922977771 0.0014262877578330982
42.88149785705015 0.08849446885950005 0.001432208875460655
42.88372705097578 0.08871817541159403 0.0014382125716419075
42.885956244901415 0.08894553916051479 0.0014443004884414099
42.888185438827044 0.08917659489916707 0.0014504729056466384
42.89041463275267 0.08941123353683521 0.001456726548520755
42.89264382667831 0.08964932221981499 0.0014630576189460268
42.89487302060394 0.08989072817682792 0.0014694623940245783
42.897102214529575 0.09013531880005132 0.001475937227202222
42.899331408455204 0.09038296507156376 0.00148247865421994
42.90156060238083 0.09063358537064696 0.0014890847651768304
42.90378979630647 0.09088713346924944 0.001495754827459445
42.9060189902321 0.0911435336632394 0.001502487799610407
42.908248184157735 0.0914026121863734 0.0015092813608059568
42.910477378083364 0.0916641768946272 0.0015161330062633336
42.91270657200899 0.09192803696281296 0.0015230403171558634
42.91493576593463 0.0921940030658774 0.0015300009605459716
42.91716495986026 0.09246188753764095 0.0015370126886782634
42.919394153785895 0.09273150450783113 0.0015440733376735926
42.921623347711524 0.0930026700181922 0.001551180825661394
42.92385254163715 0.0932752021184542 0.0015583331503858718
42.92608173556279 0.09354892094285361 0.0015655283863174989
42.92831092948842 0.09382364876788392 0.0015727646812991878
42.930540123414055 0.09409921005191302 0.0015800402527536706
42.932769317339684 0.09437543145723017 0.0015873533834750279
42.93499851126531 0.09465214185509487 0.0015947024170258868
42.93722770519095 0.09492917231427167 0.0016020857527578967
42.93945689911658 0.09520635607352897 0.0016095018404713732
42.94168609304221 0.09548352849854257 0.0016169491747275255
42.943915286967844 0.09576052702358764 0.0016244262888237021
42.94614448089347 0.09603719107839241 0.0016319317484404328
42.94837367481911 0.09585034740633575 0.0009423878826043909
42.95060286874474 0.09610462681314329 0.0009513769475677902
42.95283206267037 0.09635914694292243 0.0009601234519540327
42.955061256596004 0.09661377303382808 0.0009686393287563818
42.95729045052163 0.09686837347706538 0.0009769355632779494
42.95951964444727 0.09712281963090535 0.0009850222804235061
42.9617488383729 0.09737698563453992 0.0009929088221612395
42.96397803229853 0.09763074822080796 0.0010006038163635743
42.966207226224164 0.09788398652691702 0.0010081152380668806
42.96843642014979 0.0981365819024229 0.001015450464048562
42.97066561407543 0.09838841771381897 0.0010226163214989395
42.97289480800106 0.09863937914512669 0.0010296191314612736
42.97512400192669 0.09888935299397841 0.0010364647476261534
42.977353195852324 0.09913822746267514 0.0010431585909892796
42.97958238977795 0.09938589194375963 0.0010497056808170732
42.98181158370359 0.09963223679965652 0.0010561106623079544
42.98404077762922 0.09987715313591035 0.001062377831287352
42.98626997155485 0.100120532567588 0.0010685111562329496
42.988499165480484 0.10036226697835551 0.001074514297888208
42.99072835940611 0.10060224827174113 0.0010803906266901868
42.99295755333175 0.1008403681140651 0.0010861432382087881
42.99518674725738 0.10107651766844614 0.0010917749667683256
42.99741594118301 0.10131058930407506 0.0010972884437235617
42.99964513510864 0.1015425373008789 0.0011026875342062593
43.00187432903427 0.10177239009091235 0.0011079776520230532
43.00410352295991 0.10200018107917465 0.0011131641651821518
43.00633271688554 0.10222594445921315 0.0011182523109432704
43.00856191081117 0.1024497152690753 0.0011232472090324937
43.0107911047368 0.10267152911397208 0.0011281538634746965
43.01302029866243 0.10289140360397474 0.001132976568844699
43.01524949258806 0.1031093285475294 0.001137718604200447
43.0174786865137 0.10332529578067795 0.0011423831148635315
43.01970788043933 0.10353935990841028 0.0011469731912812095
43.02193707436496 0.10375163281162866 0.0011514918852020097
43.02416626829059 0.10396222925795666 0.0011559422384454072
43.02639546221622 0.10417126486191608 0.001160327296149012
43.02862465614186 0.10437885613229154 0.001164650118555023
43.03085385006749 0.10458512051532938 0.0011689137919392615
43.03308304399312 0.10479017643305494 0.001173121438701344
43.03531223791875 0.10499414331602001 0.00117727622663214
43.03754143184438 0.1051971416298755 0.0011813813773738238
43.03977062577002 0.10539929289517334 0.0011854401740856587
43.04199981969565 0.10560071969986425 0.0011894559683279975
43.04422901362128 0.10580154570399969 0.001193432186176048
43.04645820754691 0.10600189563616186 0.0011973723335738226
43.04868740147254 0.10620189528122047 0.0012012800009389272
43.05091659539818 0.10640167145901952 0.0012051588670278998
43.05314578932381 0.1066013519936618 0.001209012702072228
43.05537498324944 0.10680106567310131 0.0012128453701953483
43.05760417717507 0.10700094219877836 0.001216660831120891
43.0598333711007 0.10720111212511685 0.0012204631411836977
43.06206256502634 0.10740170678872055 0.0012242564536552524
43.06429175895197 0.10760285822718564 0.001228045018396556
43.066520952877596 0.10780469908750759 0.0012318331808526194
43.06875014680323 0.1080073625241097 0.0012356253804037183
43.07097934072886 0.10821098208660866 0.0012394261480903506
43.0732085346545 0.10841569159751009 0.001243240103730438
43.07543772858013 0.10862162502008346 0.0012470719524485985
43.077666922505756 0.10882891631678719 0.0012509264806397945
43.07989611643139 0.1090376992986672 0.0012548085513908525
43.08212531035702 0.10924810746626687 0.0012587230993857173
43.08435450428266 0.10946027384268082 0.001262675125322221
43.08658369820829 0.10967433079945815 0.001266669689869655
43.088812892133916 0.10989040987619339 0.001270711907198983
43.09104208605955 0.11010864159470421 0.001274806938118649
43.09327127998518 0.1103291552688112 0.001278959982851057
43.09550047391082 0.1105520788108278 0.0012831762734863367
43.09772966783645 0.11077753853593073 0.0012874610661509154
43.099958861762076 0.11100565896569901 0.0012918196329302523
43.10218805568771 0.11123656263214494 0.0012962572535852642
43.10441724961334 0.11147036988364652 0.0013007792071030161
43.10664644353898 0.11170719869424495 0.0013053907631225723
43.10887563746461 0.11194715384028846 0.0013100969217926383
43.111104831390236 0.11219024105148857 0.0013149003815846776
43.11333402531587 0.11243641235069333 0.0013198026121543378
43.1155632192415 0.112685617234859 0.0013248050618789974
43.11779241316714 0.1129378035028956 0.0013299091733882142
43.12002160709277 0.11319291759917449 0.0013351163872853697
43.122250801018396 0.11345090494813957 0.0013404281453347736
43.12447999494403 0.11371171337955824 0.0013458461519988035
43.12670918886966 0.11397530070988791 0.001351372980277227
43.1289383827953 0.11424162682399824 0.0013570113813268744
43.13116757672093 0.11451063222815275 0.0013627641201415825
43.133396770646556 0.11478217635224143 0.0013686340239401947
43.13562596457219 0.11505609845290092 0.0013746239398196157
43.13785515849782 0.11533223910864145 0.0013807367208154692
43.14008435242345 0.11561044035992363 0.00138697522698398
43.14231354634909 0.11589054583129767 0.0013933423258317024
43.144542740274716 0.11617240083580849 0.001399840892114713
43.14677193420035 0.1164558524618956 0.001406473807032458
43.14900112812598 0.1167407496430596 0.0014132439568438715
43.15123032205161 0.11702694321068129 0.001420154230937228
43.15345951597725 0.11731428593039454 0.001427207519386478
43.155688709902876 0.1176026325224984 0.0014344067100295142
43.15791790382851 0.11789183966694658 0.0014417546851055486
43.16014709775414 0.1181817659934627 0.0014492543174892708
43.16237629167977 0.11847227205742068 0.0014569084665617175
43.164605485605406 0.11876322030210996 0.001464719973757172
43.166834679531036 0.11905447500806816 0.0014726916578265878
43.16906387345667 0.11934590223018295 0.0014808263098581278
43.1712930673823 0.11963736972325406 0.0014891266880943438
43.17352226130793 0.1199287468567673 0.0014975955125864438
43.175751455233566 0.12021990451959208 0.0015062354597240224
43.177980649159196 0.12051071501534942 0.0015150491566786025
43.18020984308483 0.12080105194919964 0.0015240391757982818
43.18243903701046 0.12109079171585431 0.0015332077818769635
43.18466823093609 0.12137983344545525 0.0015425538217111725
43.186897424861726 0.12166809219562709 0.0015520736706733254
43.189126618787355 0.12195548320756879 0.0015617636072059495
43.191355812712985 0.12224192140585184 0.0015716198734957202
43.19358500663862 0.12252732125687084 0.001581638682411268
43.19581420056425 0.12281159663612189 0.0015918162241210546
43.198043394489886 0.12309466070414726 0.0016021486723818443
43.200272588415515 0.12337642579090453 0.0016126321904891229
43.202501782341145 0.12365680328832723 0.0016232629368845078
43.20473097626678 0.12393570355076043 0.0016340370704152325
43.20696017019241 0.12421303580295932 0.001644950755243665
43.209189364118046 0.12448870805531291 0.001656000165406484
43.211418558043675 0.12476262702591073 0.0016671814890234676
43.213647751969305 0.1250346980691032 0.0016784909321591647
43.21587694589494 0.12530482511015165 0.0016899247223401367
43.21810613982057 0.12557291058626152 0.0017014791117417598
43.220335333746206 0.1258388678095929 0.0017131505445889888
43.222564527671835 0.1261026524991342 0.0017249360777370271
43.224793721597464 0.12636422815407214 0.0017368329239672014
43.2270229155231 0.1266235562239854 0.001748838324283548
43.22925210944873 0.12688059612934163 0.0017609495504816097
43.231481303374366 0.12713530528325961 0.0017731639073781224
43.233710497299995 0.1273876391142977 0.0017854787347145633
43.235939691225624 0.12763755459479445 0.0017978914583195828
43.23816888515126 0.12788503447532723 0.001810399934696473
43.24039807907689 0.12813007298062795 0.0018230022516322665
43.242627273002526 0.12837266495806493 0.0018356965724814973
43.244856466928155 0.12861286960163354 0.001848481946250026
43.247085660853784 0.12885082305000223 0.001861358481650568
43.24931485477942 0.12908666665397472 0.0018743264450618064
43.25154404870505 0.12932054276126176 0.0018873862063565224
43.253773242630686 0.1295525948434987 0.0019005382391769853
43.256002436556315 0.12978296760990243 0.0019137831206909178
43.258231630481944 0.13001180710786045 0.0019271215308445937
43.26046082440758 0.13023926081068074 0.0019405542511267996
43.26269001833321 0.13046547769273353 0.001954082162858365
43.26491921225884 0.13069060829219387 0.001967706245021538
43.267148406184475 0.13091480476156206 0.0019814275716420137
43.269377600110104 0.13113822090614316 0.0019952473087373065
43.27160679403574 0.13136101221065916 0.0020091667108450787
43.27383598796137 0.13158333585413837 0.002023187117143411
43.276065181887 0.13180535071326152 0.0020373099471774226
43.278294375812635 0.13202721735430725 0.002051536696204306
43.280523569738264 0.132249098013869 0.0020658689301705723
43.2827527636639 0.13247115656852196 0.00208030828033554
43.28498195758953 0.13269355849360645 0.0020948564375538573
43.28721115151516 0.1329164708113447 0.0021095151462327453
43.289440345440795 0.13314006202848783 0.002124286197977577
43.291669539366424 0.1333645020637322 0.0021391714249415646
43.29389873329206 0.13358996216516764 0.0021541726928959006
43.29612792721769 0.1338166148180179 0.0021692918940356826
43.29835712114332 0.13404463364170657 0.002184530939603874
43.300586315068955 0.13427417884345036 0.002199892460708132
43.302815508994584 0.13450536136265848 0.002215381542940038
43.30504470292022 0.13473828204719537 0.0022310037724582676
43.30727389684585 0.1349730423837338 0.0022467646950062653
43.30950309077148 0.13520974431747504 0.0022626698125599054
43.311732284697115 0.13544849006883947 0.0022787245798844783
43.313961478622744 0.1356893819474627 0.0022949344010163185
43.31619067254838 0.13593252216388246 0.00231130462568492
43.31841986647401 0.1361780126393144 0.0023278405456899874
43.32064906039964 0.13642595481400005 0.0023445473912510812
43.322878254325275 0.1366764494546038 0.0023614303273449353
43.325107448250904 0.13692959646119654 0.002378494450047531
43.32733664217653 0.13718549467439334 0.002395744782898113
43.32956583610217 0.13744424168559358 0.0024131862806236614
43.3317950300278 0.13770593379533466 0.0024308242367771155
43.334024223953435 0.13797066599032773 0.0024486645040594688
43.336253417879064 0.13823853163670077 0.0024667129141879153
43.33848261180469 0.13850962230247935 0.002484975223073157
43.34071180573033 0.13878402759938893 0.002503457109180035
43.34294099965596 0.13906183502918662 0.0025221641720306115
43.345170193581595 0.13934312983514827 0.0025411019308617944
43.347399387507224 0.13962799206844312 0.002560275784251346
43.34962858143285 0.13991643531769207 0.0025796901510089522
43.35185777535849 0.14020840713876814 0.0025993484793330264
43.35408696928412 0.14050385034486176 0.0026192541098440593
43.356316163209755 0.14080268153787306 0.0026394097459361437
43.358545357135384 0.1411046819099455 0.0026598148885850674
43.36077455106101 0.14140958593336453 0.002680467934291309
43.36300374498665 0.1417171277935322 0.0027013672725569944
43.36523293891228 0.1420270418038113 0.002722511298413356
43.367462132837915 0.14233906274796368 0.00274389842298752
43.369691326763544 0.14265292619255138 0.002765527083113955
43.37192052068917 0.14296836876995803 0.00278739575001685
43.37414971461481 0.1432851284327804 0.002809502937090228
43.37637890854044 0.14360294468049248 0.002831847206808388
43.378608102466075 0.14392155875938392 0.0028544271768021026
43.380837296391704 0.14424071383681794 0.002877241525135585
43.38306649031733 0.14456015515096735 0.0029002889948246636
43.38529568424297 0.14487963013717486 0.0029235683976336375
43.3875248781686 0.1451988885321467 0.0029470786171913064
43.389754072094235 0.14551768245720023 0.0029708186114667527
43.391983266019864 0.14583576648175384 0.002994787414642572
43.39421245994549 0.14615289766829362 0.0030189841384267494
43.39644165387113 0.1464688355999758 0.0030434079728393786
43.39867084779676 0.14678334239203675 0.003068058186511966
43.40090004172239 0.1470961826881457 0.0030929341265357466
43.403129235648024 0.14740712364277425 0.003118035217891936
43.40535842957365 0.14771593489064008 0.0031433609624974134
43.40758762349929 0.14802238850424015 0.0031689109378978198
43.40981681742492 0.1483262589404065 0.003194684795635665
43.41204601135055 0.148627322976825 0.0032206822593237026
43.414275205276184 0.14892535963935238 0.0032469031224477574
43.41650439920181 0.14922015299361 0.0032733472394364397
43.41873359312745 0.1495115661195981 0.0033000143556003933
43.42096278705308 0.14979954776194246 0.0033269040884756048
43.42319198097871 0.1500840530663023 0.0033540161033392283
43.42542117490434 0.15036503927358244 0.0033813501195171765
43.42765036882997 0.15064246558763192 0.0034089059071211957
43.42987956275561 0.15091629303640489 0.003436683283666736
43.43210875668124 0.15118648432724216 0.003464682110582328
43.43433795060687 0.1514530036969245 0.003492902289624777
43.4365671445325 0.1517158167570445 0.0035213437592084788
43.43879633845813 0.15197489033522404 0.0035500064906591553
43.44102553238377 0.15223019322204184 0.00357889063643076
43.4432547263094 0.15248170676081077 0.003607998318931963
43.44548392023503 0.15272942132602255 0.003637333050427487
43.44771311416066 0.15297332835576655 0.0036668984264359534
43.44994230808629 0.15321341995636353 0.003696698092026936
43.45217150201192 0.1534496886598863 0.003726735734020316
43.45440069593756 0.15368212717778276 0.0037570150727675605
43.45662988986319 0.15391072815100917 0.003787539853538445
43.45885908378882 0.15413548424576515 0.0038183138361581265
43.46108827771445 0.15435644485947098 0.0038493405607008344
43.46331747164008 0.1545737787273501 0.003880623091130834
43.46554666556572 0.1547876679019201 0.00391216442470429
43.46777585949135 0.1549982933589631 0.003943967594626396
43.47000505341698 0.15520589436306323 0.003976038502965272
43.47223424734261 0.1554107985691147 0.004008387352785094
43.47446344126824 0.15561333868762134 0.004041024662517086
43.47669263519388 0.15581384524820832 0.004073960912168843
43.47892182911951 0.15601264682516 0.004107206544928959
43.48115102304514 0.15621007025692077 0.004140771967722082
43.48338021697077 0.15640644086007155 0.004174667550796012
43.4856094108964 0.15660208263819314 0.004208903626421079
43.48783860482204 0.1567973184858757 0.004243490486769884
43.49006779874767 0.1569924703880482 0.00427843838104361
43.4922969926733 0.157187859614711 0.004313757511906396
43.49452618659893 0.15738380691104925 0.004349458031281014
43.49675538052456 0.15758063268287154 0.004385550035561553
43.4989845744502 0.157778657177221 0.004422043560289371
43.50121376837583 0.1579782006579779 0.0044589485743396495
43.50344296230146 0.1581795835762297 0.004496274973663529
43.50567215622709 0.15838312673512797 0.004534032574624541
43.50790135015272 0.15858915144896016 0.004572231106972704
43.51013054407836 0.15879797969610918 0.004610880206491609
43.51235973800399 0.1590099342655833 0.0046499894073565775
43.51458893192962 0.1592253388967953 0.004689568134241035
43.51681812585525 0.15944451841224477 0.004729625694202842
43.51904731978088 0.15966779884280113 0.004770171268388503
43.52127651370652 0.15989550754526186 0.004811213903585548
43.52350570763215 0.1601279733118983 0.004852762503657281
43.525734901557776 0.16036552647172533 0.0048948258208935565
43.52796409548341 0.16060849898323779 0.004937412447307341
43.53019328940904 0.16085722451840606 0.004980530805909916
43.53242248333468 0.1611120385377588 0.005024189141997519
43.53465167726031 0.1613732362193448 0.005068396950188799
43.536880871185936 0.16164087942311303 0.005113171540836527
43.53911006511157 0.16191494864822487 0.005158532847255675
43.5413392590372 0.16219542375049778 0.005204500668061964
43.54356845296284 0.16248228396445516 0.005251094660820679
43.54579764688847 0.1627755078657625 0.0052983343378182534
43.548026840814096 0.16307507335167423 0.005346239061323237
43.55025603473973 0.16338095763914795 0.005394828038351622
43.55248522866536 0.1636931192454229 0.005444119074889654
43.554714422591 0.16401143105016985 0.005494123983430128
43.55694361651663 0.1643357417513338 0.005544852836168577
43.559172810442256 0.16466590152526886 0.005596315726422743
43.56140200436789 0.1650017621357172 0.00564852276503787
43.56363119829352 0.1653431770369543 0.005701484074095729
43.56586039221916 0.16569000147643484 0.005755209778410538
43.56808958614479 0.16604209259819303 0.00580970999501132
43.570318780070416 0.16639930954822488 0.005864994820814274
43.57254797399605 0.16676147940428618 0.0059210763053211286
43.57477716792168 0.1671282678728811 0.005977976005876775
43.57700636184731 0.16749929242370123 0.006035718498151904
43.57923555577295 0.16787417031314433 0.0060943285934922
43.581464749698576 0.16825252162078302 0.006153830693345931
43.58369394362421 0.1686339897091415 0.006214244639733339
43.58592313754984 0.16901822630023067 0.00627558846810267
43.58815233147547 0.16940488016283997 0.006337880599336543
43.590381525401106 0.1697935970383084 0.006401139858566541
43.592610719326736 0.17018401965393398 0.006465385480147799
43.59483991325237 0.1705757877676428 0.006530637109370363
43.597069107178 0.17096853824068617 0.006596914801094863
43.59929830110363 0.17136190513537036 0.006664239015503321
43.601527495029266 0.1717555198349288 0.006732630611136731
43.603756688954896 0.17214901118287299 0.006802110835390469
43.60598588288053 0.1725420056393397 0.0068727013126312
43.60821507680616 0.17293412745209585 0.006944424030083963
43.61044427073179 0.1733249988401106 0.007017301321643085
43.612673464657426 0.17371424018771647 0.007091355849741793
43.614902658583055 0.17410147024760064 0.0071666105854167935
43.61713185250869 0.17448630635102944 0.007243088786698353
43.61936104643432 0.17486836462383198 0.007320813975442704
43.62159024035995 0.17524726020688222 0.00739980991273161
43.623819434285586 0.1756226074798936 0.007480100572946103
43.626048628211215 0.17599402028751585 0.007561710116625687
43.62827782213685 0.176361112166842 0.0076446628622208026
43.63050701606248 0.1767234965755015 0.007728983256833895
43.63273620998811 0.17708078711968256 0.007814695846055698
43.634965403913746 0.17743259778144832 0.007901825242986368
43.637194597839375 0.17777854314483246 0.007990396096537759
43.63942379176501 0.17811823862026915 0.008080433059111356
43.64165298569064 0.17845130066693168 0.00817196075373459
43.64388217961627 0.17877734701266695 0.008265003740751833
43.646111373541906 0.17909599687119515 0.008359586484149318
43.648340567467535 0.17940687115631893 0.00845573331760123
43.650569761393164 0.17970959635634165 0.008553468254450188
43.6527989553188 0.18000405738128458 0.008652804205140691
43.65502814924443 0.18029055884608586 0.008753736095403466
43.657257343170066 0.18056944131271516 0.008856257171500154
43.659486537095695 0.18084104205090187 0.00896036064284128
43.661715731021324 0.18110569563997247 0.009066039742315523
43.66394492494696 0.1813638194191887 0.009173298450936536
43.66617411887259 0.18161599865183345 0.009282162180132964
43.668403312798226 0.18186283846509618 0.009392659095589234
43.670632506723855 0.182104944789474 0.009504817655703034
43.672861700649484 0.18234292508845246 0.009618666626287064
43.67509089457512 0.18257738908145224 0.009734235082188899
43.67732008850075 0.18280894945586157 0.009851552396780984
43.679549282426386 0.18303822256408633 0.00997064822019906
43.681778476352015 0.18326582910172168 0.010091552447133898
43.684007670277644 0.18349241365578833 0.010214296327529303
43.68623686420328 0.18371884979165604 0.010338924883499452
43.68846605812891 0.18394616333307565 0.010465492099796995
43.690695252054546 0.1841753895877715 0.010594052062834718
43.692924445980175 0.1844075702856606 0.010724658721888249
43.695153639905804 0.18464363915640203 0.01085737097021531
43.69738283383144 0.1848843112550352 0.010992257428372244
43.69961202775707 0.18513027691987133 0.01112938737043456
43.7018412216827 0.18538222662194817 0.011268829454073311
43.704070415608335 0.18564085067459807 0.011410651599755984
43.706299609533964 0.18590683896515636 0.011554920867031375
43.7085288034596 0.18618088070749125 0.011701703328808067
43.71075799738523 0.18646366421471142 0.011851063944457122
43.71298719131086 0.18675587669207386 0.012003066432533427
43.715216385236495 0.18705820405060009 0.012157773143825169
43.717445579162124 0.18737133074238843 0.01231524493539873
43.71967477308776 0.18769593961897948 0.012475541046250331
43.72190396701339 0.1880327118143871 0.012638718975103309
43.72413316093902 0.18838232665467353 0.012804834360863805
43.726362354864655 0.1887454615960314 0.012973940866168463
43.728591548790284 0.1891227921934403 0.013146090064424947
43.73082074271592 0.18951499210196984 0.013321331330698646
43.73304993664155 0.1899227331127043 0.013499711736733143
43.73527913056718 0.19034668522521242 0.013681275950377474
43.737508324492815 0.1907875167582537 0.013866066139620308
43.739737518418444 0.19124589450024387 0.014054121881409688
43.74196671234408 0.1917224839007535 0.014245480075399242
43.74419590626971 0.1922179493039756 0.01444017486270439
43.74642510019534 0.19273295422486753 0.014638237549750787
43.748654294120975 0.19326816166825517 0.014839696537232558
43.750883488046604 0.19382423449088915 0.015044577254189133
43.75311268197224 0.19440183580608972 0.01525290209718337
43.75534187589787 0.1950016294301938 0.015464690374516171
43.7575710698235 0.19562428036975638 0.01567995825542618
43.759800263749135 0.19627045534801071 0.015898718724167666
43.762029457674764 0.19694082336881724 0.016120981538864695
43.7642586516004 0.19763605631601844 0.016346753195025918
43.76648784552603 0.19835682958574546 0.01657603689356636
43.76871703945166 0.19910370680931375 0.01680884948197038
43.770946233377295 0.19987618579626446 0.017045361991228084
43.773175427302924 0.20067315575021422 0.01728583187980476
43.77540462122855 0.20149321159032252 0.01753049961734301
43.77763381515419 0.2023346913266804 0.01777959205016178
43.77986300907982 0.20319589875434618 0.01803334386049292
43.782092203005455 0.2040751109279009 0.018291998675396666
43.784321396931084 0.20497057798813745 0.018555809297985115
43.78655059085671 0.20588052333471465 0.018825037814219077
43.78877978478235 0.20680314412736628 0.01909995558098585
43.79100897870798 0.2077366120981256 0.01938084310145384
43.793238172633615 0.2086790746563814 0.019667989794012644
43.795467366559244 0.2096286484734135 0.019961693177874152
43.79769656048487 0.21058309407126358 0.02026223827600492
43.79992575441051 0.2115397054752055 0.0205698907233028
43.80215494833614 0.21249574176928726 0.020884923035405185
43.804384142261775 0.21344846192600136 0.021207615842959285
43.806613336187404 0.2143951310660368 0.02153826006446985
43.80884253011303 0.21533306342499425 0.021877183965876693
43.81107172403867 0.2162596093741217 0.02222473931353677
43.8133009179643 0.21717213347359393 0.02258128261414982
43.815530111889935 0.2180680165403525 0.02294717385149032
43.817759305815564 0.2189446578325129 0.023322775422052314
43.81998849974119 0.2197994770465505 0.023708451058973772
43.82221769366683 0.22062991613381766 0.024104564754291843
43.82444688759246 0.22143344094235506 0.024511479688814286
43.826676081518094 0.22220754268934872 0.024929557178068867
43.828905275443724 0.22294973926898076 0.025359155641907147
43.83113446936935 0.22365757640014772 0.025800629604566673
43.83336366329499 0.22432862861806843 0.026254328731083697
43.83559285722062 0.22496050011368648 0.026720596905166268
43.83782205114625 0.2255508254246527 0.027199771352830818
43.840051245071884 0.2260972699816155 0.027692181815285283
43.84228043899751 0.22659753051368767 0.02819814977383306
43.84450963292315 0.22704933531712157 0.02871798772886966
43.84673882684878 0.2274504443914094 0.02925199853432511
43.84896802077441 0.22779864944740894 0.0298004747883791
43.85119721470004 0.22809177379236 0.030363698280625347
43.85342640862567 0.22832767209707994 0.030941939495408292
43.85565560255131 0.22850423005100853 0.03153545717060565
43.85788479647694 0.2286193639111338 0.0321444979106661
43.86011399040257 0.2286710199512484 0.0327692958524677
43.8623431843282 0.22865717381829684 0.03341007238216894
43.86457237825383 0.22857582980291125 0.034067035901046885
43.86680157217947 0.22842502003147944 0.03474038163812754
43.8690307661051 0.22820280358730888 0.03543029150719159
43.87125996003073 0.22790726556857932 0.036136934005746114
43.87348915395636 0.2275365160908754 0.03686046415336811
43.87571834788199 0.22708868924209416 0.03760102346686282
43.87794754180763 0.22656194199745036 0.03835873996967853
43.88017673573326 0.22595445310223194 0.039133728232956945
43.88240592965889 0.22526442192970014 0.039926089445770516
43.88463512358452 0.2244900699351782 0.04073591156175324
43.88686431751015 0.22363068168638509 0.041563289162726086
43.88909351143579 0.22268817028771778 0.042408352721753535
43.89132270536142 0.22166481039431454 0.043271225091886814
43.89355189928705 0.22056281897706428 0.04415201364164789
43.89578109321268 0.2193843495861219 0.045050810317904054
43.89801028713831 0.2181314869464465 0.04596769174189194
43.90023948106395 0.21680624189927533 0.04690271933622412
43.90246867498958 0.21541054669948148 0.04785593948058402
43.90469786891521 0.21394625067479064 0.04882738369397008
43.90692706284084 0.2124151162496599 0.04981706884120247
43.90915625676647 0.21081881533343494 0.05082499736153726
43.9113854506921 0.20915892606968264 0.05185115751727746
43.91361464461774 0.2074369299413517 0.052895523660239765
43.91584383854337 0.20565420922421945 0.05395805651408522
43.918073032469 0.2038120447792878 0.05503870347060377
43.92030222639463 0.20191161417350004 0.056137398898004696
43.92253142032026 0.19995399011660128 0.05725406445953667
43.9247606142459 0.19794013920128453 0.058388609440664534
43.92698980817153 0.19587092093279038 0.05954093108324066
43.92921900209716 0.19374708703353638 0.06071091492520719
43.93144819602279 0.19156928100818987 0.061898435144331444
43.93367738994842 0.18933803795400125 0.06310335490477241
43.93590658387406 0.18705378460148728 0.06432552670516721
43.93813577779969 0.18471683957036056 0.06556479272714606
43.94036497172532 0.18232741382573012 0.06682098518327811
43.94259416565095 0.17988561132009964 0.0680939266633985
43.94482335957658 0.1773914298066003 0.0693834304785674
43.94705255350222 0.17484476180968958 0.07068930100177459
43.94928174742785 0.17224539573972997 0.07201133400471774
43.951510941353476 0.1695930171383399 0.07334931699005591
43.95374013527911 0.16688721004215074 0.07470302951849542
43.95596932920474 0.16412745845293106 0.07607224353024195
43.95819852313038 0.16131314790258222 0.07745672366042321
43.96042771705601 0.15844356710238752 0.07885622754799093
43.962656910981636 0.15551790966599413 0.08027050613790473
43.96488610490727 0.15253527589666863 0.08169930397621125
43.9671152988329 0.14949467462963267 0.08314235949783082
43.96934449275854 0.14639502512083433 0.08459940530691143
43.97157368668417 0.14323515897440509 0.08607016844948918
43.973802880609796 0.14001382210105726 0.08755437067848304
43.97603207453543 0.13672967670073474 0.08905172871083357
43.97826126846106 0.13338130326299516 0.09056195447678622
43.9804904623867 0.12996720257907252 0.09208475536135222
43.98271965631233 0.12648579776040775 0.0936198344378361
43.984948850237956 0.12293543625829541 0.09516689069360759
43.98717804416359 0.11931439188030489 0.09672561924805077
43.98940723808922 0.11562086679916721 0.09829571156281026
43.99163643201486 0.11185299355018043 0.09987685564447475
43.99386562594049 0.10040375330599302 0.1366047395484069
43.996094819866116 0.09658956025301195 0.1390902313649244
43.99832401379175 0.09271611175253848 0.1416011187905114
44.00055320771738 0.08878163204728709 0.14413707357141342
44.00278240164302 0.084784260223417 0.14669775890785058
44.00501159556865 0.08072205150296909 0.14928282964890963
44.007240789494276 0.07659297853804688 0.1518919324843314
44.00946998341991 0.07239493270533548 0.15452470613296118
44.01169917734554 0.06812572539924601 0.15718078152791895
44.01392837127118 0.06378308932207956 0.15985978199855874
44.016157565196806 0.05936467977019774 0.16256132344899654
44.018386759122436 0.05486807591454892 0.16528501453345698
44.02061595304807 0.10199866506733682 0.30040808895467475
44.0228451469737 0.10185909675370937 0.30715259042867027
44.02507434089934 0.10186249152933688 0.31401577999994046
44.027303534824966 0.10201267688156783 0.3209987812358254
44.029532728750596 0.1023134781976371 0.3281027177610226
44.03176192267623 0.1280096290723262 0.46562183514414257
44.03399111660186 0.13146151965168812 0.47611035183439243
44.03622031052749 0.1351895996457788 0.48678087371533024
44.038449504453126 0.13919984288304593 0.49763509418342466
44.040678698378755 0.14349822319189862 0.5086747066350399
44.04290789230439 0.14809071440079868 0.5199014044666801
44.04513708623002 0.15298329033815156 0.5313168810747074
44.04736628015565 0.15818192483240573 0.542922829855591
44.049595474081286 0.1636925917120139 0.5547209442058025
44.051824668006915 0.16952126480537552 0.5667129175217004
44.05405386193255 0.17567391794096227 0.5789004431997947
44.05628305585818 0.18215652494716952 0.5912852146364416
44.05851224978381 0.18897505965245084 0.6038689252281133
44.060741443709446 0.19613549588526408 0.6166532683712842
44.062970637635075 0.20364380747399824 0.629639937462307
44.06519983156071 0.21150596824713563 0.6428306258976975
44.06742902548634 0.2197279520330608 0.656227027073806
44.06965821941197 0.2283157326602327 0.6698308343871076
44.071887413337606 0.237275283957115 0.6836437412340803
44.074116607263235 0.24661257975208517 0.6976674410110699
44.07634580118887 0.25633359387363736 0.7119036271145992
44.0785749951145 0.266444300150144 0.7263539929410114
44.08080418904013 0.27695067241007004 0.7410202318867851
44.083033382965766 0.28785868448188534 0.7559040373484016
44.085262576891395 0.29917431019395524 0.7710071027222002
44.087491770817024 0.310903523374748 0.7863311214046613
44.08972096474266 0.32305229785273776 0.8018777867922686
44.09195015866829 0.3356266074562815 0.8176487922813566
44.094179352593926 0.34863242601389394 0.8336458312684591
44.096408546519555 0.36207572735392685 0.849870597149909
44.098637740445184 0.37596248530485543 0.8663247833221895
44.10086693437082 0.39029867369516064 0.8830100831817883
44.10309612829645 0.4050902663531856 0.8999281901250326
44.105325322222086 0.4203432371074592 0.9170807975484638
44.107554516147715 0.43606355978631883 0.9344695988484067
44.109783710073344 0.45225720821824666 0.9520962874213488
44.11201290399898 0.46893015623173145 0.9699625566637815
44.11424209792461 0.4860883776551011 0.9880700999720241
44.116471291850246 0.5037378463169 1.0064206107426263
44.118700485775875 0.5218845360454496 1.0250157823719042
