logL Corr CorrErr
41.63675427108572 -0.2756033286443622 0.007154062939472035
41.63884909557635 -0.27533755457487336 0.007133348729760546
41.64094392006698 -0.2751160277610399 0.0071138717322303206
41.64303874455761 -0.27493797914095713 0.007095610984842068
41.64513356904824 -0.2748026396527183 0.00707854552555625
41.64722839353887 -0.27470924023441823 0.007062654392333557
41.6493232180295 -0.2746570118241504 0.00704791662313446
41.65141804252013 -0.27464518536000915 0.007034311255919638
41.65351286701076 -0.2746729917800887 0.007021817328649576
41.65560769150139 -0.27473966202248273 0.00701041387928494
41.65770251599202 -0.27484442702528605 0.007000079945786231
41.65979734048265 -0.27498651772659194 0.006990794566114098
41.66189216497328 -0.2751651650644953 0.006982536778229059
41.66398698946391 -0.2753795999770892 0.006975285620091742
41.66608181395454 -0.2756290534024691 0.0069690201296626845
41.66817663844517 -0.27591275627872747 0.006963719344902505
41.6702714629358 -0.27622993954396013 0.006959362303771745
41.67236628742643 -0.27657983413625936 0.006955928044231014
41.67446111191706 -0.2769616709937212 0.006953395604240866
41.67655593640769 -0.27737468105443763 0.0069517440217619
41.67865076089832 -0.27781809525650514 0.006950952334754681
41.68074558538895 -0.27829114453801507 0.006950999581179796
41.68284040987958 -0.2787930598370646 0.006951864798997821
41.68493523437021 -0.2793230720917444 0.0069535270261693325
41.68703005886084 -0.2798804122401522 0.0069559653006549165
41.68912488335147 -0.28046431122037835 0.0069591586604151375
41.6912197078421 -0.28107399997052096 0.006963086143410597
41.69331453233273 -0.28170870942866977 0.006967726787601848
41.69540935682336 -0.2823676705329234 0.006973059630949499
41.69750418131399 -0.2830501142213713 0.00697906371141409
41.69959900580462 -0.28375527143211215 0.006985718066956243
41.70169383029525 -0.2844823731032356 0.006993001735536492
41.70378865478588 -0.28523065017284027 0.007000893755115468
41.70588347927651 -0.2859993335790155 0.007009373163653694
41.70797830376714 -0.2867876542598604 0.007018418999111802
41.71007312825777 -0.2875948431534638 0.0070280102994503164
41.7121679527484 -0.28842013119792514 0.007038126102629877
41.71426277723903 -0.2892627493313331 0.007048745446610996
41.71635760172966 -0.2901219284917875 0.007059847369354323
41.71845242622029 -0.2909968996173763 0.007071410908820363
41.72054725071092 -0.29188689364619985 0.0070834151029697725
41.72264207520155 -0.29279114151634617 0.007095838989763049
41.72473689969218 -0.29370887416591523 0.007108661607160854
41.72683172418281 -0.2946393225329952 0.0071218619931236815
41.72892654867344 -0.29558171755568635 0.0071354191856122
41.73102137316407 -0.2965352901720763 0.007149312222586894
41.733116197654695 -0.2974992713202625 0.007163520142008391
41.73521102214533 -0.2984728919383422 0.007178021981837318
41.737305846635955 -0.2994553829644031 0.007192796780034156
41.73940067112659 -0.30044597533654566 0.007207823574559581
41.741495495617215 -0.3014438999928576 0.007223081403374076
41.74359032010785 -0.3024483878714394 0.007238549304438317
41.745685144598475 -0.3034586699103787 0.007254206315712783
41.74777996908911 -0.30447397704777623 0.007270031475158158
41.749874793579735 -0.3054935402217192 0.0072860038207349116
41.75196961807037 -0.3065165903703087 0.007302102390403731
41.754064442560995 -0.30754235843163186 0.007318306222125087
41.75615926705163 -0.3085700753437897 0.007334594353859667
41.758254091542256 -0.3095989720448694 0.007350945823567943
41.76034891603289 -0.310628279472972 0.007367339669210601
41.762443740523516 -0.31165722856618455 0.00738375492874811
41.76453856501415 -0.3126850502626083 0.007400170640141161
41.766633389504776 -0.3137109755003301 0.0074165658413502195
41.76872821399541 -0.3147342352174512 0.007432919570335976
41.770823038486036 -0.3157540603520587 0.007449210865058902
41.77291786297667 -0.3167696818422537 0.007465418763479682
41.775012687467296 -0.3177803306261232 0.007481522303558787
41.77710751195793 -0.3187852376417683 0.007497500523256906
41.779202336448556 -0.31978363382727626 0.0075133324605345065
41.78129716093919 -0.3207747501207479 0.007528997153352278
41.783391985429816 -0.32175781746027066 0.007544473639670691
41.78548680992045 -0.3227320667839452 0.007559740957450432
41.787581634411076 -0.3236967290298592 0.0075747781446519735
41.78967645890171 -0.32465103513611304 0.007589564239235998
41.791771283392336 -0.3255942160407944 0.007604078279162982
41.79386610788297 -0.3265255026820039 0.007618299302393606
41.795960932373596 -0.32744412599782924 0.007632206346888349
41.79805575686423 -0.32834931692637076 0.007645778450607888
41.800150581354856 -0.32924030640571633 0.007658994651512705
41.80224540584549 -0.33011632537396624 0.0076718339875634705
41.804340230336116 -0.33097660476920854 0.007684275496720679
41.80643505482675 -0.33182037552954313 0.007696298216944991
41.808529879317376 -0.3326468685930585 0.007707881186196907
41.81062470380801 -0.33345531489785407 0.007719003442437076
41.812719528298636 -0.33424494538201893 0.0077296440236260125
41.81481435278927 -0.3350149909836521 0.007739781967724358
41.816909177279896 -0.3357646826408427 0.007749396312692632
41.81900400177053 -0.33649325129168967 0.0077584660964914705
41.82109882626116 -0.3371999278742824 0.007766970357081393
41.82319365075179 -0.33788394332671956 0.007774888132423036
41.82528847524242 -0.33854452858709083 0.007782198460476928
41.82738329973304 -0.3391809145934925 0.0077888803792036726
41.82947812422368 -0.3397923322840207 0.007794912926563869
41.8315729487143 -0.34037801259676564 0.007800275140518055
41.83366777320494 -0.3409371864698249 0.007804946059026843
41.83576259769556 -0.3414690848412893 0.007808904720050789
41.8378574221862 -0.34197293864925615 0.007812130161550488
41.83995224667682 -0.34244797883181627 0.007814601421486503
41.84204707116746 -0.34289343632706704 0.00781629753781943
41.84414189565808 -0.3433085420730994 0.007817197548509833
41.84623672014872 -0.34369252700801034 0.007817280491518298
41.84833154463934 -0.3440446220698914 0.007816525404805404
41.85042636912998 -0.3443640581968388 0.007814911326331723
41.8525211936206 -0.34465006632694484 0.0078124172940578504
41.85461601811124 -0.3449018773983053 0.007809022345944341
41.85671084260186 -0.34511872234901264 0.007804705519951801
41.8588056670925 -0.34530001907306934 0.007799452581377756
41.86090049158312 -0.34544604298484327 0.0077932801521457045
41.86299531607376 -0.3455573152101731 0.007786213695749657
41.865090140564384 -0.3456343568952462 0.007778278676415996
41.86718496505502 -0.34567768918625125 0.007769500558371002
41.869279789545644 -0.345687833229376 0.007759904805841072
41.87137461403628 -0.3456653101708089 0.007749516883052476
41.873469438526904 -0.3456106411567382 0.007738362254231621
41.87556426301754 -0.3455243473333518 0.007726466383604772
41.877659087508164 -0.34540694984683834 0.00771385473539834
41.8797539119988 -0.3452589698433852 0.007700552773838579
41.881848736489424 -0.3450809284691818 0.007686585963151916
41.88394356098006 -0.34487334687041477 0.007671979767564587
41.886038385470684 -0.344636746193274 0.007656759651303032
41.88813320996132 -0.3443716475839458 0.007640951078593483
41.890228034451944 -0.34407857218862026 0.0076245795136623854
41.89232285894258 -0.34375804115348374 0.00760767042073596
41.894417683433204 -0.3434105756247263 0.00759024926404066
41.89651250792384 -0.343036696748534 0.007572341507802708
41.898607332414464 -0.3426369256710974 0.007553972616248553
41.9007021569051 -0.342211783538602 0.007535168053604411
41.902796981395724 -0.34176179149723906 0.007515953284096748
41.90489180588636 -0.3412874706931934 0.00749635377195177
41.906986630376984 -0.34078934227265667 0.007476394981395939
41.90908145486762 -0.34026792738181355 0.007456102376655465
41.911176279358244 -0.3397237471668556 0.007435501421956811
41.91327110384888 -0.33915732277396765 0.007414617581526187
41.915365928339504 -0.33856917534934156 0.0073934763195900605
41.91746075283014 -0.3379598260391615 0.007372103100374628
41.919555577320764 -0.3373297959896197 0.0073505233881063685
41.9216504018114 -0.3366796063469002 0.007328762647011476
41.923745226302024 -0.33600977825719563 0.00730684634131643
41.92584005079265 -0.3353208328666919 0.007284799935247498
41.927934875283285 -0.33461329132157486 0.007262648893030938
41.93002969977391 -0.3338876747680372 0.007240418678893233
41.932124524264545 -0.33314450435226256 0.007218134757060571
41.93421934875517 -0.33238430122044393 0.0071958225917594446
41.936314173245805 -0.33160758651876443 0.0071735076472160325
41.93840899773643 -0.3308148813934174 0.0071512153876568205
41.940503822227065 -0.3300067069905857 0.007128971277308002
41.94259864671769 -0.3291835844564631 0.007106800780396054
41.944693471208325 -0.3283460349372321 0.007084729361147174
41.94678829569895 -0.32749457957908656 0.007062782483787837
41.948883120189585 -0.3266297395282089 0.0070409856125442346
41.95097794468021 -0.325752035930793 0.007019364211642852
41.953072769170845 -0.32486198993302146 0.0069979437453098784
41.95516759366147 -0.3239601226810882 0.0069767496777717935
41.957262418152105 -0.32304695532117533 0.006955807473254792
41.95935724264273 -0.3221230089994773 0.006935142595985351
41.961452067133365 -0.32118880486217594 0.0069147805101896645
41.96354689162399 -0.3202448640554659 0.006894746680094214
41.965641716114625 -0.3192917077255288 0.00687506656992519
41.96773654060525 -0.31832984831118905 0.006855765182640929
41.969831365095885 -0.3173595153812468 0.0068368525363166595
41.97192618958651 -0.3163806003341307 0.006818320734638258
41.974021014077145 -0.31539297469014727 0.006800160828259498
41.97611583856777 -0.3143965099696168 0.006782363867834408
41.978210663058405 -0.3133910776928456 0.006764920904016759
41.98030548754903 -0.31237654938015386 0.006747822987460573
41.982400312039665 -0.31135279655184794 0.006731061168819631
41.98449513653029 -0.31031969072824817 0.006714626498747949
41.986589961020925 -0.3092771034296609 0.006698510027899313
41.98868478551155 -0.30822490617640647 0.006682702806927735
41.990779610002186 -0.3071629704887909 0.006667195886487002
41.99287443449281 -0.3060911678871348 0.0066519803172311225
41.994969258983446 -0.3050093698917443 0.006637047149813891
41.99706408347407 -0.3039174480229399 0.006622387434889311
41.999158907964706 -0.3028152738010275 0.006607992223111177
42.00125373245533 -0.30170271874632804 0.006593852565133492
42.003348556945966 -0.3005796543791471 0.006579959511610056
42.00544338143659 -0.29944595221980574 0.006566304113194865
42.007538205927226 -0.29830148378860943 0.006552877420541725
42.00963303041785 -0.29714612060587925 0.006539670484304624
42.011727854908486 -0.29597973419192075 0.006526674355137377
42.01382267939911 -0.2948021960670551 0.006513880083693964
42.015917503889746 -0.2936133777515876 0.0065012787206282065
42.01801232838037 -0.2924131507658397 0.006488861316594083
42.020107152871 -0.2912013866301205 0.006476618922245452
42.02220197736163 -0.28997795686473954 0.006464542588236175
42.02429680185226 -0.288742732990018 0.00645262336522023
42.02639162634289 -0.28749558652626095 0.006440852303851437
42.02848645083352 -0.28623638899379017 0.006429220454783773
42.03058127532415 -0.28496501191291035 0.006417718868671063
42.03267609981478 -0.2836813268039435 0.006406338596167277
42.03477092430541 -0.2823852051871942 0.006395070687926248
42.03686574879604 -0.28107651858298455 0.006383906194601944
42.03896057328667 -0.2797551385116189 0.0063728361668481896
42.0410553977773 -0.27842093649341965 0.006361851655318961
42.04315022226793 -0.27707378404869093 0.006350943710668084
42.04524504675856 -0.2757135526977552 0.006340103383549527
42.04733987124919 -0.27434011396091657 0.006329321724617124
42.04943469573982 -0.2729533393584978 0.006318589784524842
42.05152952023045 -0.27155310041080244 0.00630789861392651
42.05362434472108 -0.2701392686381536 0.006297239263476097
42.05571916921171 -0.2687117155608548 0.006286602783827431
42.05781399370234 -0.2672703126992292 0.006275980225634486
42.05990881819297 -0.2658149315735802 0.00626536263955109
42.0620036426836 -0.264345443704231 0.006254741076231212
42.06409846717423 -0.25988735844057403 0.0029232432643335636
42.06619329166486 -0.25817516564331555 0.00291778158662399
42.06828811615549 -0.2564642606600537 0.002912251205947684
42.07038294064612 -0.25475441769846296 0.002906651028011101
42.07247776513675 -0.2530454130790357 0.002900979957597262
42.07457258962738 -0.2513370250901003 0.002895236899489087
42.07666741411801 -0.24962903384364352 0.0028894207593423166
42.07876223860864 -0.2479212533207194 0.00288353077681924
42.08085706309927 -0.24621366830127653 0.002877567941873365
42.0829518875899 -0.24450631994631203 0.0028715338158144185
42.08504671208053 -0.2427992501351617 0.002865429957339028
42.08714153657116 -0.24109250139091043 0.0028592579221819606
42.08923636106179 -0.239386116838095 0.0028530192631017683
42.09133118555242 -0.23768014016036623 0.0028467155298662478
42.09342601004305 -0.23597461555789262 0.0028403482692370887
42.09552083453368 -0.23426958770465817 0.0028339190249544273
42.097615659024314 -0.23256510170543693 0.0028274293377206694
42.09971048351494 -0.23086120305259958 0.002820880745184326
42.101805308005574 -0.2291579375825363 0.00281427478192321
42.1039001324962 -0.22745535143185086 0.002807612979427737
42.105994956986834 -0.22575349099311318 0.0028008968660836954
42.10808978147746 -0.22405240287032616 0.002794127967155231
42.110184605968094 -0.2223521338338948 0.002787307804767391
42.11227943045872 -0.22065273077525602 0.002780437897889004
42.11437425494935 -0.21895424066096372 0.002773519762315251
42.11646907943998 -0.21725671048634873 0.0027665549106505563
42.11856390393061 -0.21556018722867087 0.002759544852291626
42.12065872842124 -0.213864717799683 0.002752491093410469
42.12275355291187 -0.21217034899772702 0.002745395136938052
42.1248483774025 -0.21047712745916303 0.0027382584825479065
42.12694320189313 -0.20878509960929326 0.0027310826266405473
42.12903802638376 -0.20709431161257882 0.0027238690623279708
42.13113285087439 -0.20540480932231212 0.002716619279419111
42.13322767536502 -0.20371663822954567 0.002709334764405522
42.13532249985565 -0.2020298434114415 0.002702017000448167
42.13741732434628 -0.20034446947884504 0.002694667467364592
42.13951214883691 -0.1986605605232502 0.002687287641617369
42.14160697332754 -0.1969781600629603 0.002679878996303081
42.14370179781817 -0.1952973109886164 0.002672443001142753
42.1457966223088 -0.1936180555078992 0.0026649811224730004
42.14789144679943 -0.19194043508957873 0.0026574948232387947
42.14998627129006 -0.19026449040672186 0.002649985562987137
42.15208109578069 -0.18859026127923445 0.002642454797862542
42.15417592027132 -0.18691778661555125 0.002634903980603613
42.15627074476195 -0.18524710435365452 0.0026273345605416364
42.15836556925258 -0.18357825140123768 0.002619747983600469
42.16046039374321 -0.18191126357519805 0.002612145692298651
42.16255521823384 -0.18024617554028108 0.0026045291257530308
42.16465004272447 -0.17858302074706145 0.002596899719684833
42.1667448672151 -0.17692183136908976 0.002589258906427463
42.16883969170573 -0.1752626382393942 0.0025816081149369822
42.17093451619636 -0.17360547078617017 0.002573948770804558
42.17302934068699 -0.17195035696785269 0.002566282296271821
42.17512416517762 -0.17029732320740917 0.0025586101102484343
42.17721898966825 -0.16864639432605333 0.002550933628332832
42.17931381415888 -0.1669975934762228 0.00254325426283541
42.18140863864951 -0.16535094207402648 0.002535573422805146
42.18350346314014 -0.16370645973101164 0.002527892514058928
42.18559828763077 -0.16206416418546146 0.002520212939214583
42.1876931121214 -0.16042406805395434 0.002512536074365498
42.18978793661203 -0.15878604765430385 0.002504862307414803
42.19188276110266 -0.1571497968335844 0.002497190708291774
42.19397758559329 -0.15551499562923465 0.002489520273564307
42.19607241008392 -0.15388132310662467 0.0024818500214201854
42.19816723457455 -0.15224845740451204 0.0024741789924366316
42.20026205906518 -0.15061607578121727 0.0024665062502935405
42.20235688355581 -0.14898385466169203 0.0024588308824305023
42.20445170804644 -0.14735146968529747 0.002451152000646034
42.20654653253707 -0.1457185957544691 0.0024434687416391323
42.2086413570277 -0.1440849070840892 0.0024357802674915933
42.21073618151833 -0.14245007725174352 0.0024280857660911983
42.212831006008955 -0.14081377924869495 0.0024203844514942606
42.21492583049959 -0.13917568553171347 0.0024126755642274417
42.217020654990215 -0.13753546807571432 0.0024049583715278536
42.21911547948085 -0.13589279842715501 0.0023972321675204576
42.221210303971475 -0.13424734775833974 0.0023894962733326448
42.22330512846211 -0.13259878692246882 0.002381750037144437
42.225399952952735 -0.13094678650962535 0.0023739928341743512
42.22749477744337 -0.12929101690353542 0.002366224066599286
42.229589601933995 -0.1276311483392981 0.0023584431634084365
42.23168442642463 -0.12596685096192578 0.002350649580189519
42.233779250915255 -0.12429779488589723 0.0023428427988472712
42.23587407540589 -0.12262365025556789 0.002335022327252416
42.237968899896515 -0.12094408730664566 0.0023271876988209777
42.24006372438715 -0.11925877642858132 0.002319338472022045
42.242158548877775 -0.11756738822808951 0.00231147422981377
42.24425337336841 -0.11586959359365362 0.0023035945790055795
42.246348197859035 -0.11416506376123824 0.002295699149546267
42.24844302234967 -0.11245347038106807 0.0022877875937358048
42.250537846840295 -0.1107344855857052 0.0022798595853603964
42.25263267133093 -0.10900778205929021 0.00227191481874845
42.254727495821555 -0.10727303310818717 0.002263953007746815
42.25682232031219 -0.10552991273290524 0.002255973884614786
42.258917144802815 -0.10377809570154742 0.0022479771988349966
42.26101196929345 -0.10201725762466583 0.0022399627158385016
42.263106793784075 -0.10024707503178538 0.0022319302156429367
42.26520161827471 -0.09846722544948382 0.0022238794914007875
42.267296442765335 -0.09667738748130184 0.0022158103478564055
42.26939126725597 -0.09487724088938061 0.0022077225997084917
42.271486091746596 -0.0930664666781145 0.0021996160698763987
42.27358091623723 -0.09124474717972549 0.002191490587666618
42.275675740727856 -0.08941176614206327 0.002183345986837446
42.27777056521849 -0.087567208818549 0.002175182103557841
42.279865389709116 -0.08571087156534145 0.002166998661795435
42.28196021419975 -0.08384301218076098 0.0021587949107764602
42.284055038690376 -0.08196401189154807 0.002150569968918433
42.28614986318101 -0.08007425495429113 0.0021423229451569947
42.288244687671636 -0.07817412847843232 0.002134052936870122
42.29033951216227 -0.07626402223481507 0.0021257590277136947
42.292434336652896 -0.07434432844913273 0.0021174402853660103
42.29452916114353 -0.07241544157964432 0.0021090957591762996
42.296623985634156 -0.07047775807890211 0.002100724477713802
42.29871881012479 -0.06853171665536163 0.0020923258725316796
42.300813634615416 -0.06657800241297358 0.002083901927825456
42.30290845910605 -0.06461739229657351 0.0020754555587322995
42.305003283596676 -0.06265066313576266 0.0020669896469014877
42.3070981080873 -0.06067859141276284 0.002058507040658821
42.309192932577936 -0.05870195319263227 0.002050010556835047
42.31128775706856 -0.05672152405471771 0.00204150298256558
42.313382581559196 -0.054738079025305655 0.0020329870770630855
42.31547740604982 -0.052752392511679486 0.00202446557336539
42.317572230540456 -0.050765238237421455 0.0020159411800594216
42.31966705503108 -0.0487773891792309 0.002007416582983603
42.321761879521716 -0.046789617505108114 0.001998894446909111
42.32385670401234 -0.04480269451419314 0.0019903774172021628
42.325951528502976 -0.04281739057812697 0.001981868121467497
42.3280463529936 -0.04083447508424337 0.0019733691711749444
42.330141177484236 -0.03885471638047714 0.0019648831632689766
42.33223600197486 -0.03687888172231618 0.001956412681762876
42.3343308264655 -0.03490773722170321 0.0019479602993171393
42.33642565095612 -0.03294204779823311 0.001939528578803454
42.33852047544676 -0.030982577132572648 0.0019311200748535961
42.34061529993738 -0.029030087622467626 0.0019227373353942845
42.34271012442802 -0.027085340341285423 0.0019143829031670347
42.34480494891864 -0.02514909499947681 0.0019060593172337398
42.34689977340928 -0.02322210990892663 0.0018977691144667001
42.3489945978999 -0.02130514195059589 0.0018895148310235027
42.35108942239054 -0.01939894654544627 0.0018812990038051408
42.35318424688116 -0.01750427762906734 0.0018731241718974172
42.3552790713718 -0.015621887630018899 0.0018649928779936856
42.35737389586242 -0.013752527452324921 0.001856907669798589
42.35946872035306 -0.01189694646215216 0.0018488711014105076
42.36156354484368 -0.010055892479124357 0.0018408857346819654
42.36365836933432 -0.008230111772324203 0.0018329541405553448
42.36575319382494 -0.006420349061446207 0.0018250789003727685
42.36784801831558 -0.004627347523169267 0.0018172626071570786
42.3699428428062 -0.0028518488032212895 0.0018095078668623882
42.37203766729684 -0.0010945930342185742 0.0018018172995907346
42.37413249178746 0.0006436811402428466 0.0017941935407728806
42.3762273162781 0.0023622365351510235 0.001786639242309409
42.378322140768724 0.0040603373868197505 0.001779157073669736
42.38041696525936 0.005737249308710073 0.0017717497229448012
42.382511789749984 0.007392239239860115 0.0017644198978506458
42.38460661424062 0.00902457538582583 0.0017571703266782764
42.386701438731244 0.010633612609035155 0.0017500038632743368
42.38879626322188 0.012219221300199918 0.0017429240092713546
42.390891087712504 0.013781462293452623 0.001735934516567079
42.39298591220314 0.015320394532698657 0.0017290391533005024
42.395080736693764 0.016836074623986775 0.001722241703975221
42.3971755611844 0.018328556724915936 0.0017155459699505033
42.399270385675024 0.01979789244342319 0.001708955769897737
42.40136521016565 0.021244130746747223 0.0017024749402184116
42.403460034656284 0.022667317881091775 0.0016961073354209522
42.40555485914691 0.02406749730270801 0.0016898568284528428
42.407649683637544 0.025444712154730896 0.001683727301795592
42.40974450812817 0.026799147377669964 0.001677722131466302
42.411839332618804 0.028131206194233017 0.0016718439059114595
42.41393415710943 0.02944130957727701 0.0016660951512031123
42.416028981600064 0.030729877860693852 0.001660478397700849
42.41812380609069 0.03199733073250916 0.0016549961801226893
42.420218630581324 0.033244087228937735 0.0016496510376094583
42.42231345507195 0.03447056572932438 0.001644445513782735
42.424408279562584 0.03567718395217637 0.0016393821567952653
42.42650310405321 0.036864358952220774 0.0016344635193739064
42.428597928543844 0.03803250711868757 0.0016296921588540114
42.43069275303447 0.03918204417475469 0.0016250706372052972
42.432787577525104 0.04031338517834953 0.0016206015210481575
42.43488240201573 0.041426944524243794 0.0016162873816604314
42.436977226506365 0.0425231359476282 0.0016121307949736614
42.43907205099699 0.04360237252910317 0.0016081343415588407
42.441166875487625 0.04466506670126192 0.0016043006066007504
42.44326169997825 0.0457116302567991 0.0016006321798609083
42.445356524468885 0.046742474358310054 0.001597131655628306
42.44745134895951 0.04775800954970832 0.0015938016326579848
42.449546173450145 0.04875864576941319 0.0015906447140967247
42.45164099794077 0.049744792365227664 0.0015876635073959454
42.453735822431405 0.05071685811104312 0.0015848606242111999
42.45583064692203 0.051675251225281826 0.0015822386802884147
42.457925471412665 0.05262037939119664 0.0015798002953364032
42.46002029590329 0.05355264977892724 0.0015775480928858533
42.462115120393925 0.05447246906941434 0.0015754847001344724
42.46420994488455 0.055380243480057406 0.0015736127477785759
42.466304769375185 0.05627637879219802 0.0015719348698309498
42.46839959386581 0.057161280380299405 0.0015704537034253651
42.470494418356445 0.05803535324288388 0.0015691718886077567
42.47258924284707 0.05889900203508273 0.0015680920681145198
42.474684067337705 0.059752631102839064 0.0015672168871381298
42.47677889182833 0.06059664451860199 0.0015665489930806352
42.478873716318965 0.06143144611853121 0.0015660910352954045
42.48096854080959 0.062257439541034146 0.0015658456648177841
42.483063365300225 0.06307502826663361 0.0015658155340852278
42.48515818979085 0.06388461565897248 0.0015660032966476431
42.487253014281485 0.06468660500693384 0.0015664116068687091
42.48934783877211 0.06548139956766784 0.00156704311961898
42.491442663262745 0.06626940261048601 0.0015679004899617072
42.49353748775337 0.06705099191903065 0.0015689861483112468
42.495632312244 0.06782631961447198 0.0015703005422463966
42.49772713673463 0.06859542089438052 0.001571843097026029
42.49982196122526 0.06935833115303777 0.001573613244612303
42.50191678571589 0.07011508702364806 0.0015756104306272041
42.50401161020652 0.07086572638428458 0.0015778341121448808
42.50610643469715 0.07161028835132795 0.001580283755332649
42.50820125918778 0.07234881326044505 0.001582958832949084
42.51029608367841 0.07308134263537136 0.0015858588217085856
42.51239090816904 0.07380791914464405 0.0015889831995216988
42.51448573265967 0.07452858654664216 0.0015923314426214165
42.5165805571503 0.07524338962317322 0.001595903022585373
42.51867538164093 0.07595236107662225 0.0015996969866880417
42.52077020613156 0.07665544337480783 0.0016037094587398313
42.52286503062219 0.07735254056103955 0.001607935298889894
42.52495985511282 0.07804355678115317 0.0016123693390335315
42.52705467960345 0.07872839637810329 0.001617006388901596
42.52914950409408 0.07940696384438692 0.0016218412375377136
42.53124432858471 0.08007916377665096 0.001626868654768251
42.53333915307534 0.08074490083250432 0.0016320833926583744
42.53543397756597 0.081404079689685 0.0016374801869490268
42.5375288020566 0.0820566050075675 0.0016430537584690658
42.53962362654723 0.0827023813911256 0.001648798814518382
42.54171845103786 0.08334131335730476 0.0016547100502171486
42.54381327552849 0.08397330530388715 0.0016607821498180041
42.54590810001912 0.0845982614807766 0.0016670097879772083
42.54800292450975 0.08521608596375847 0.0016733876309825244
42.55009774900038 0.08582668263064029 0.0016799103379347145
42.55219257349101 0.08642995513980357 0.001686572561881273
42.55428739798164 0.0870258069110552 0.0016933689509000733
42.55638222247227 0.08761414110879073 0.0017002941491323586
42.5584770469629 0.08819486062734294 0.0017073427977634264
42.56057187145353 0.08876786807851456 0.0017145095359511733
42.56266669594416 0.0893330657811586 0.0017217890017014422
42.56476152043479 0.08989035575279487 0.0017291758326909443
42.56685634492542 0.09043963970312015 0.0017366646670372223
42.56895116941605 0.09098081902939323 0.0017442501440169292
42.57104599390668 0.09151379481355092 0.0017519269047323084
42.57314081839731 0.09203846782103159 0.0017596895927275685
42.57523564288794 0.09255473850116289 0.0017675328545553612
42.57733046737857 0.09306250698908848 0.0017754513402953795
42.5794252918692 0.09356167310909512 0.001783439704025535
42.58152011635983 0.09405213637931323 0.0017914926042479668
42.58361494085046 0.09453379601765921 0.0017996047042705076
42.58570976534109 0.09500655094899434 0.0018077706725460304
42.58780458983172 0.09547029981337467 0.0018159851829704038
42.589899414322346 0.09592494097537022 0.0018242429151415478
42.59199423881298 0.09637037253434466 0.0018325385545805626
42.594089063303606 0.09680649233564768 0.0018408667929168746
42.59618388779424 0.09723319798267266 0.0018492223280393628
42.598278712284866 0.0976503868496843 0.0018575998642144105
42.6003735367755 0.098057966420152 0.0018659941759321121
42.602468361266126 0.09845598395910803 0.0018744009092181882
42.60456318575676 0.09884458763815665 0.0018828163434456168
42.606658010247386 0.0992239282052178 0.00189123678459929
42.60875283473802 0.09959415679266778 0.0018996585515139268
42.61084765922865 0.09995542493402489 0.001908077975689856
42.61294248371928 0.10030788457521303 0.0019164914010248594
42.61503730820991 0.10065168808056277 0.001924895183464739
42.61713213270054 0.10098698823378381 0.001933285690576933
42.61922695719117 0.10131393823405642 0.00194165930104949
42.6213217816818 0.10163269168746006 0.0019500124041193876
42.62341660617243 0.10194340259387352 0.001958341398932141
42.62551143066306 0.10224622532954616 0.0019666426938363094
42.62760625515369 0.10254131511631105 0.001974912716970243
42.62970107964432 0.1028288670638286 0.0019831488189174275
42.63179590413495 0.10310914443523071 0.0019913499243794514
42.63389072862558 0.1036494348726899 0.0010569332203523945
42.63598555311621 0.10388597611847189 0.0010586467842921196
42.63808037760684 0.10411928421481725 0.0010604368253885094
42.64017520209747 0.10434953620630222 0.001062304237807158
42.6422700265881 0.10457690540328439 0.0010642498280976703
42.64436485107873 0.10480156153650115 0.0010662743150644165
42.64645967556936 0.10502367091484183 0.0010683783297834725
42.64855450005999 0.10524339658580976 0.0010705624157614404
42.65064932455062 0.105460898498248 0.0010728270292319456
42.65274414904125 0.10567633366686044 0.001075172539584883
42.65483897353188 0.10588985633811886 0.0010775992299236626
42.65693379802251 0.10610161815711038 0.0010801072977450058
42.65902862251314 0.10631176833493837 0.0010826968557361358
42.66112344700377 0.10652045381625765 0.0010853679326835112
42.6632182714944 0.10672781944658519 0.0010881204744876544
42.66531309598503 0.10693400813899742 0.0010909543452779363
42.66740792047566 0.10713916103988648 0.0010938693286216916
42.66950274496629 0.10734341769342035 0.0010968651288213631
42.67159756945692 0.10754691620441337 0.0010999413722939668
42.67369239394755 0.10774979339928717 0.0011030976090265162
42.67578721843818 0.10795218498486499 0.0011063333141017198
42.67788204292881 0.10815422570471599 0.0011096478892876319
42.67997686741944 0.1083560494928293 0.0011130406646856674
42.68207169191007 0.10855778962437214 0.0011165109004307903
42.684166516400694 0.10875957886334738 0.0011200577884384617
42.68626134089133 0.10896154960694764 0.0011236804541924295
42.68835616538196 0.1091638340264434 0.001127377958567968
42.69045098987259 0.10936656420445766 0.0011311492996852314
42.692545814363214 0.10956987226848977 0.0011349934147874658
42.69464063885385 0.10977389052057146 0.0011389091821389738
42.696735463344474 0.10997875156295522 0.0011428954229379825
42.69883028783511 0.11018458841976138 0.0011469509032398823
42.700925112325734 0.1103915346544977 0.0011510743358859915
42.70301993681637 0.11059972448342031 0.0011552643824339615
42.705114761306994 0.11080929288467563 0.0011595196550852776
42.70720958579763 0.11102037301762895 0.001163838747704412
42.709304410288254 0.11123303885993446 0.0011682208609646051
42.71139923477889 0.11144730588904139 0.0011726658007026904
42.713494059269514 0.11166318760203914 0.0011771733700202706
42.71558888376015 0.11188069800163551 0.001181743345717172
42.717683708250775 0.11209985158720248 0.001186375481602049
42.71977853274141 0.11232066334891967 0.0011910695116336442
42.721873357232035 0.11254314876503196 0.0011958251528897798
42.72396818172267 0.11276732380229453 0.0012006421083623074
42.726063006213295 0.11299320491963727 0.0012055200695753599
42.72815783070393 0.1132208090751362 0.0012104587190254557
42.730252655194555 0.11345015373633441 0.001215457732441153
42.73234747968519 0.11368125689400867 0.001220516780861216
42.734442304175815 0.11391413707942956 0.0012256355325294102
42.73653712866645 0.11414881338521501 0.0012308136546053726
42.738631953157075 0.11438529874295292 0.0012360510242517833
42.74072677764771 0.11462355197113157 0.0012413492276545396
42.742821602138335 0.11486350550611701 0.0012467107207388098
42.74491642662897 0.11510509148939474 0.0012521380264595993
42.747011251119595 0.11534824185763855 0.00125763373456335
42.74910607561023 0.1155928882662486 0.0012632005062185702
42.751200900100855 0.11583896201922894 0.0012688410781564554
42.75329572459149 0.11608639400526032 0.0012745582663235542
42.755390549082115 0.1163351146397816 0.0012803549690468422
42.75748537357275 0.11658505381295789 0.0012862341697124741
42.759580198063375 0.11683614084336924 0.0012921989389580828
42.76167502255401 0.11708830443731566 0.001298252436379749
42.763769847044635 0.11734147265358794 0.0013043979117536473
42.76586467153527 0.11759557287361434 0.0013106387057739513
42.767959496025895 0.11785053177684382 0.0013169782503077263
42.77005432051653 0.118106275321286 0.001323420068169465
42.772149145007155 0.11836272872907723 0.0013299677724172869
42.77424396949779 0.11861981647699997 0.0013366250651750862
42.776338793988415 0.11887746229182851 0.001343395735984491
42.77843361847904 0.11913558915043246 0.001350283659693049
42.780528442969675 0.11939411928451894 0.001357292793885019
42.78262326746031 0.1196529741899263 0.0013644271758633147
42.784718091950936 0.11991207464037548 0.001371690919192435
42.78681291644156 0.12017134070557527 0.0013790882098135766
42.788907740932196 0.12043069177357694 0.0013866233017447338
42.79100256542282 0.12069004657727557 0.0013943005123804209
42.793097389913456 0.1209493232249588 0.0014021242174075891
42.79519221440408 0.12120843923476808 0.001410098845355126
42.797287038894716 0.12146731157297991 0.0014182288717975008
42.79938186338534 0.12172585669595433 0.0014265188132332259
42.801476687875976 0.12198399059564799 0.0014349732206621936
42.8035715123666 0.12224162884852358 0.001443596672885862
42.805666336857236 0.12249868666773905 0.0014523937695576136
42.80776116134786 0.12275507895843274 0.0014613691240102612
42.809855985838496 0.12301072037597117 0.0014705273558909013
42.81195081032912 0.12326552538695906 0.001479873083632623
42.814045634819756 0.12351940920643667 0.001489410896878726
42.81614045931038 0.12377232387316621 0.0014991445266244617
42.818235283801016 0.1240242712012551 0.0015090765377779047
42.82033010829164 0.12427525674982823 0.0015192093690407397
42.822424932782276 0.12452528636009325 0.0015295454052017077
42.8245197572729 0.12477436619527754 0.0015400869697345624
42.826614581763536 0.12502250278656418 0.001550836317364667
42.82870940625416 0.125269703084493 0.0015617956266462895
42.830804230744796 0.12551597451531113 0.0015729669925952107
42.83289905523542 0.12576132504167092 0.001584352419418843
42.834993879726056 0.12600576322710483 0.0015959538133879494
42.83708870421668 0.12624929830363138 0.001607772975890777
42.839183528707316 0.12649194024188667 0.0016198115967116246
42.84127835319794 0.12673369982311583 0.00163207124757176
42.84337317768858 0.12697458871240994 0.0016445533759712125
42.8454680021792 0.1272146195325246 0.0016572592993650812
42.84756282666984 0.1274538061671212 0.0016701901787398992
42.84965765116046 0.12769219150491645 0.0016833444891671077
42.8517524756511 0.12792987362119 0.0016967156590301884
42.85384730014172 0.1281669570998415 0.0017102965174227384
42.85594212463236 0.12840353350649325 0.0017240799596878603
42.85803694912298 0.1286396758135441 0.0017380589950138185
42.86013177361362 0.1288754555789812 0.001752226665614436
42.86222659810424 0.12911094420733377 0.001766576052742017
42.86432142259488 0.12934621282519257 0.0017811002887690329
42.8664162470855 0.1295813321723215 0.0017957925676174047
42.86851107157614 0.12981637250766903 0.0018106461536245109
42.87060589606676 0.13005140352948616 0.001825654388936982
42.8727007205574 0.13028649430877987 0.0018408106995296619
42.87479554504802 0.13052171323525932 0.001856108599945268
42.87689036953866 0.13075712797498393 0.0018715416968534614
42.87898519402928 0.13099280543887304 0.0018871036915233865
42.88108001851991 0.13122881176130713 0.0019027883813046106
42.88317484301054 0.13146521228802652 0.0019185896602052332
42.88526966750117 0.1317020715725924 0.0019345015186538477
42.887364491991804 0.1319394533807078 0.0019505180425276345
42.88945931648243 0.1321774207017077 0.0019666334115221993
42.891554140973064 0.13241603576661135 0.0019828418969367553
42.89364896546369 0.1326553600721205 0.0019991378589396575
42.895743789954324 0.13289545441004455 0.0020155157433775772
42.89783861444495 0.13313637890162158 0.002031970078182903
42.899933438935584 0.13337819303630147 0.0020484954694323706
42.90202826342621 0.1336209557145461 0.00206508659710141
42.904123087916844 0.1338647252942957 0.002081738210557471
42.90621791240747 0.1341095596407377 0.002098445123827394
42.908312736898104 0.13435551617910485 0.0021152022106731244
42.91040756138873 0.1346026519502145 0.002132004399502303
42.912502385879364 0.13485102366854818 0.0021488466681399763
42.91459721036999 0.13510068778265133 0.0021657240384803647
42.916692034860624 0.13535170053771772 0.0021826315710378346
42.91878685935125 0.13560411804020103 0.0021995643594093593
42.920881683841884 0.13585799595756828 0.0022165175291066464
42.92297650833251 0.13611335214927164 0.002233486685596689
42.925071332823144 0.1363701343466001 0.002250468301124801
42.92716615731377 0.136628282663137 0.0022674589517636718
42.929260981804404 0.13688773730575754 0.002284455218236779
42.93135580629503 0.13714843868347829 0.002301453678811484
42.933450630785664 0.13741032752111326 0.0023184509020870553
42.93554545527629 0.13767334497765757 0.002335443439673786
42.937640279766924 0.1379374327694243 0.0023524278187608285
42.93973510425755 0.13820253329794532 0.002369400534564528
42.941829928748184 0.1384685897827492 0.002386358042650628
42.94392475323881 0.13873554639911326 0.0024032967511180767
42.946019577729444 0.13900334842098666 0.002420213012633852
42.94811440222007 0.1392719423692655 0.0024371031163026506
42.950209226710705 0.13954127616569958 0.002453963279357034
42.95230405120133 0.13981129929269598 0.0024707896386480487
42.954398875691965 0.14008196295938333 0.0024875782419180345
42.95649370018259 0.14035322027428832 0.002504325038831737
42.958588524673225 0.14062501681709727 0.0025210264749096355
42.96068334916385 0.14022307593051547 0.001148320822379958
42.962778173654485 0.1405723750065907 0.0011584749297420384
42.96487299814511 0.14091609328329932 0.0011687068714804306
42.966967822635745 0.14125429794330294 0.0011790170648516803
42.96906264712637 0.14158708319280336 0.0011894061240085877
42.971157471617005 0.1419145447223638 0.0011998746837117596
42.97325229610763 0.14223677875513965 0.001210423398880345
42.97534712059826 0.1425538817893656 0.0012210529487538028
42.97744194508889 0.14286595035680005 0.001231764040814268
42.97953676957952 0.14317308079631905 0.0012425574144804977
42.98163159407015 0.14347536904197716 0.0012534338445823788
42.98372641856078 0.14377291042492907 0.0012643941446218946
42.98582124305141 0.1440657994887589 0.0012754391698268808
42.98791606754204 0.14435412981779017 0.0012865698200001643
42.99001089203267 0.14463799387808715 0.001297787042167783
42.9921057165233 0.14491748287086376 0.0013090918330264727
42.99420054101393 0.14519268659813575 0.0013204852411920632
42.99629536550456 0.1454636933404403 0.001331968369247142
42.99839018999519 0.14573058974654998 0.0013435423755880878
43.00048501448582 0.14599346073508337 0.0013552084760685293
43.00257983897645 0.14625238940800014 0.0013669679454382893
43.00467466346708 0.14650745697593312 0.0013788221185740178
43.00676948795771 0.14675874269538017 0.001390772391500016
43.00886431244834 0.14700632381773177 0.0014028202221950611
43.01095913693897 0.14725027555016773 0.0014149671311835918
43.0130539614296 0.1474906710283985 0.00142721470190714
43.01514878592023 0.14772758130127092 0.0014395645808746476
43.01724361041086 0.14796107532719188 0.0014520184775880336
43.01933843490149 0.14819121998235468 0.0014645781642423769
43.02143325939212 0.148418080080678 0.001477245475197938
43.02352808388275 0.14864171840538767 0.0014900223062245073
43.02562290837338 0.14886219575208945 0.0015029106135165504
43.02771773286401 0.14907957100743796 0.001515912412238556
43.02981255735464 0.14929391257364366 0.0015290296613227655
43.03190738184527 0.14950531665194258 0.0015422640785844593
43.0340022063359 0.14971388266924457 0.0015556173846093017
43.03609703082653 0.14991970866346438 0.001569091347607622
43.03819185531716 0.1501228913815205 0.0015826877810469805
43.04028667980779 0.15032352638767743 0.0015964085410547894
43.04238150429842 0.15052170818171634 0.0016102555235974945
43.04447632878905 0.15071753032640076 0.0016242306614470267
43.04657115327968 0.15091108558359828 0.0016383359209435077
43.04866597777031 0.1511024660584065 0.0016525732985674284
43.05076080226094 0.15129176335052613 0.0016669448173326877
43.05285562675157 0.15147906871211822 0.0016814525230161045
43.0549504512422 0.1516644732112857 0.0016960984802370236
43.05704527573283 0.15184806790031902 0.001710884768404777
43.05914010022346 0.15202994398776057 0.0017258134775495673
43.06123492471409 0.15221019301335256 0.0017408867040563459
43.06332974920472 0.1523889070248609 0.0017561065463187972
43.06542457369535 0.1525661787557885 0.0017714751003343712
43.06751939818598 0.1527421020022707 0.001786994451771666
43.069614222676606 0.15291681192369103 0.0018026659682324443
43.07170904716724 0.1530905340461232 0.0018184894305611947
43.073803871657866 0.15326350724964735 0.0018344643716042297
43.0758986961485 0.15343595833932472 0.0018505903046689145
43.077993520639126 0.15360802391152953 0.0018668668323434043
43.08008834512976 0.15377980230296737 0.0018832935797428105
43.082183169620386 0.15395139108412448 0.0018998701464484282
43.08427799411102 0.15412288701405266 0.0019165961089066084
43.086372818601646 0.15429438588379277 0.0019334710228429473
43.08846764309228 0.15446598237539558 0.0019504944255167246
43.090562467582906 0.1546377699364024 0.001967665837809904
43.09265729207354 0.1548098406695964 0.0019849847661501945
43.094752116564166 0.15498228523772156 0.002002450704265294
43.0968469410548 0.15515519278283557 0.0020200631347703996
43.098941765545426 0.1553286508598658 0.002037821530588425
43.10103659003606 0.15550274538392472 0.0020557253562070786
43.103131414526686 0.1556775605908624 0.002073774068774049
43.10522623901732 0.15585317901053572 0.0020919671190360862
43.107321063507946 0.15602968145221097 0.002110303952124545
43.10941588799858 0.15620714700153132 0.0021287840081943704
43.111510712489206 0.15638565302843088 0.002147406722920036
43.11360553697984 0.1565652752054039 0.002166171527856218
43.115700361470466 0.15674608753549757 0.002185077850667293
43.1177951859611 0.15692816238943352 0.0022041251152339356
43.119890010451726 0.157111570551231 0.002223312741641192
43.12198483494236 0.15729638127174933 0.002242640146056525
43.12407965943299 0.15748266232953978 0.0022621067405022488
43.12617448392362 0.15767048009845053 0.0022817119325308755
43.12826930841425 0.15785989962140135 0.002301455124807629
43.13036413290488 0.15805098468980502 0.0023213357146085103
43.13245895739551 0.15824379792808857 0.002341353093237886
43.13455378188614 0.158438400882996 0.0023615066453847922
43.13664860637677 0.15863486273988803 0.0023817963186876616
43.1387434308674 0.15883328396652172 0.0024022241743489204
43.14083825535803 0.15903377269351823 0.0024227928076623047
43.14293307984866 0.1592364376408135 0.0024435048709013974
43.14502790433929 0.15944138825103515 0.0024643630740121057
43.14712272882992 0.15964873481776937 0.002485370184894573
43.14921755332055 0.1598585886083888 0.0025065290292808793
43.15131237781118 0.1600710619811807 0.0025278424902187837
43.15340720230181 0.16028626849650046 0.002549313507166894
43.15550202679244 0.16050432302175058 0.0025709450747109877
43.15759685128307 0.16072534182997433 0.0025927402409065495
43.1596916757737 0.1609494426919346 0.0026147021052573822
43.16178650026433 0.16117674496153828 0.0026368338163356543
43.16388132475495 0.161407369654555 0.002659138569053815
43.16597614924559 0.16164143952057192 0.0026816196015951206
43.168070973736214 0.16187907910819868 0.002704280192012707
43.17016579822685 0.1621204148235738 0.0027271236545078625
43.172260622717474 0.1623655749822412 0.002750153335396247
43.17435544720811 0.1626146898545477 0.0027733726087758996
43.176450271698734 0.16286789170470678 0.002796784871906926
43.17854509618937 0.16312530755307614 0.002820393722898192
43.180639920679994 0.1633869860566443 0.0028442047893389986
43.18273474517063 0.1636528499518411 0.0028682251208328466
43.184829569661254 0.16392261902810878 0.002892462212110286
43.18692439415189 0.16419602866798316 0.0029169245844260917
43.189019218642514 0.16447297522944135 0.002941624032033321
43.19111404313315 0.1647533916595635 0.002966573045851074
43.193208867623774 0.16503721344862698 0.002991784108189498
43.19530369211441 0.16532437843175493 0.0030172696870177634
43.197398516605034 0.16561482656899443 0.003043042229894348
43.19949334109567 0.16590849970528135 0.0030691141575989456
43.201588165586294 0.16620534131169787 0.003095497857498963
43.20368299007693 0.1665052962095052 0.003122205676688368
43.205777814567554 0.16680831027837822 0.0031492499149302026
43.20787263905819 0.16711433015034588 0.0031766428174390335
43.209967463548814 0.16742330289087987 0.0032043965675330258
43.21206228803945 0.1677351756686475 0.003232523279190383
43.214157112530074 0.16804989541537935 0.003261034989538138
43.21625193702071 0.16836740847736675 0.0032899436513064368
43.218346761511334 0.16868766026003248 0.0033192611252744384
43.22044158600197 0.16901059486707748 0.003348999172739251
43.222536410492594 0.16933615473562155 0.0033791694480320234
43.22463123498323 0.16966428026881045 0.003409783491110686
43.226726059473854 0.16999490946726728 0.0034408527202513316
43.22882088396449 0.17032797756080897 0.003472388424865629
43.230915708455115 0.1706634166417474 0.0035044017584639356
43.23301053294575 0.17100115530112728 0.0035369037317892777
43.235105357436375 0.17134111826914178 0.003569905206139386
43.23720018192701 0.1716832260609911 0.003603416886899603
43.239295006417635 0.172027394629329 0.0036374493173012214
43.24138983090827 0.17237353502445926 0.003672012872425634
43.243484655398895 0.17272152106669605 0.0037071175391947707
43.24557947988953 0.1730710526115581 0.0037427719986674567
43.247674304380155 0.17342176956304234 0.0037789843895004124
43.24976912887079 0.17377330741192212 0.0038157626783369507
43.251863953361415 0.17412529721500078 0.003853114657896517
43.25395877785205 0.174477365536708 0.0038910479449952413
43.256053602342675 0.17482913438723788 0.00392956997872485
43.2581484268333 0.17518022115831478 0.003968688018802434
43.260243251323935 0.17553023855759264 0.004008409144095846
43.26233807581456 0.17587879454270586 0.004048740251333337
43.264432900305195 0.1762254922559567 0.004089688054005497
43.26652772479582 0.17656992996054327 0.004131259081462097
43.268622549286455 0.17691170097924858 0.004173459678213285
43.27071737377708 0.1772503936363873 0.004216296003435194
43.272812198267715 0.17758559120382228 0.004259774030688113
43.27490702275834 0.1779168718517283 0.004303899547845513
43.277001847248975 0.17824380860479025 0.004348678157240628
43.2790966717396 0.1785659693043823 0.0043941152760270585
43.281191496230235 0.17888291657727842 0.0044402161367585805
43.28328632072086 0.1791942078113067 0.004486985788182881
43.285381145211495 0.179499395138356 0.004534429096252874
43.28747596970212 0.17979802553591925 0.004582550744358694
43.289570794192755 0.18008968374147394 0.004631354852139947
43.29166561868338 0.18037407404999156 0.004680845313404101
43.293760443174016 0.18065127904828795 0.004731045357295156
43.29585526766464 0.1809217363102365 0.004781997429523084
43.297950092155276 0.18118579490143225 0.0048337432579966
43.3000449166459 0.18144361576320456 0.0048863214751718904
43.302139741136536 0.18169535537626194 0.00493977124878212
43.30423456562716 0.18194118764907238 0.004994132713235362
43.306329390117796 0.18218130444939787 0.005049446975303736
43.30842421460842 0.18241591591510248 0.0051057561096809765
43.310519039099056 0.1826452505547129 0.005163103144911762
43.31261386358968 0.1828695551484236 0.005221532040198569
43.314708688080316 0.18308909446057262 0.005281087653619674
43.31680351257094 0.18330415077484868 0.005341815702295748
43.318898337061576 0.18351502326382224 0.005403762715071349
43.3209931615522 0.18372202720460235 0.005466975978280139
43.323087986042836 0.1839254930527101 0.005531503475189997
43.32518281053346 0.18412576538641018 0.005597393819723244
43.327277635024096 0.18432320173395017 0.005664696185071012
43.32937245951472 0.18451817129622147 0.0057334602278144055
43.331467284005356 0.18471105357745735 0.005803736008183968
43.33356210849598 0.18490223693653812 0.005875573907075778
43.335656932986616 0.1850921170714517 0.005949024540455292
43.33775175747724 0.1852810954492882 0.006024138671759314
43.339846581967876 0.18546957769399416 0.006100967122912651
43.3419414064585 0.18565797194381295 0.006179560684547433
43.344036230949136 0.1858466871900532 0.006259970026012653
43.34613105543976 0.18603613160840182 0.006342245605725167
43.348225879930396 0.1862267108935919 0.0064264375824070255
43.35032070442102 0.1864188620663841 0.006512596861667996
43.35241552891165 0.18661328887624298 0.0066007825655147
43.35451035340228 0.1868108160658612 0.006691057272986433
43.35660517789291 0.1870122640691083 0.006783482962658269
43.35870000238354 0.1872184478904459 0.006878120943170377
43.36079482687417 0.18743017664312625 0.006975031806740756
43.3628896513648 0.1876482530705351 0.007074275384108091
43.36498447585543 0.18787347305665006 0.007175910701157409
43.36707930034606 0.18810662513062873 0.0072799959374560295
43.36917412483669 0.18834848996959938 0.007386588386863738
43.37126894932732 0.18859983990297838 0.007495744420363979
43.37336377381795 0.1888614384208909 0.007607519451205307
43.37545859830858 0.1891340396887157 0.007721967902433124
43.37755342279921 0.18941838806919886 0.00783914317683987
43.37964824728984 0.18971521765320112 0.007959097629360383
43.38174307178047 0.19002525179971877 0.00808188254189242
43.3838378962711 0.190349202685592 0.008207548100528466
43.38593272076173 0.19068777086502048 0.008336143375142756
43.38802754525236 0.19104164483890834 0.008467716301290467
43.39012236974299 0.19141150063387574 0.00860231366433792
43.39221719423362 0.19179800139077915 0.008739981085761716
43.39431201872425 0.1922017969624808 0.008880763011519873
43.39640684321488 0.19262352352069229 0.009024702702422506
43.39850166770551 0.1930637865773493 0.009171842891585352
43.400596492196144 0.19352295945155584 0.00932223385858292
43.40269131668677 0.19400106628073135 0.009475918027189483
43.404786141177404 0.19449711486913648 0.009632864239938161
43.40688096566803 0.19500977297330951 0.009793017576477082
43.408975790158664 0.1955378696464321 0.009956342767106455
43.41107061464929 0.1960804008454284 0.010122824722283185
43.413165439139924 0.19663638951064513 0.010292451962330472
43.41526026363055 0.19720488071512676 0.01046521594847511
43.417355088121184 0.19778494266800772 0.010641111106389062
43.41944991261181 0.1983756673003811 0.010820134803474322
43.421544737102444 0.19897617048382538 0.011002287285019093
43.42363956159307 0.19958559192699213 0.01118757157393415
43.425734386083704 0.20020309479129397 0.01137599333844649
43.42782921057433 0.2008278650623412 0.011567560731733552
43.429924035064964 0.2014591107098924 0.011762284207183622
43.43201885955559 0.20209606066522398 0.011960176312609445
43.434113684046224 0.2027379636415297 0.01216125146648545
43.43620850853685 0.20338408681969733 0.012365525718960066
43.438303333027484 0.2040337144191316 0.01257301650018074
43.44039815751811 0.20468614617064065 0.0127837423581902
43.442492982008744 0.20534069570631122 0.01299772268847973
43.44458780649937 0.20599668887921654 0.013214977457042969
43.44668263099 0.20665346202424395 0.01343552691863789
43.44877745548063 0.20731036016975646 0.013659391331760432
43.450872279971264 0.20796673520865033 0.013886590671709886
43.45296710446189 0.20862194403630926 0.014117144342985175
43.45506192895252 0.20927534666208128 0.014351070892122762
43.45715675344315 0.20992627759556384 0.014588387241019699
43.45925157793378 0.2105737639858547 0.014829103378214008
43.46134640242441 0.2112166381869744 0.015073224193004003
43.46344122691504 0.2118537317872277 0.015320752744776508
43.46553605140567 0.21248387760348522 0.015571690062214625
43.4676308758963 0.21310590835867235 0.015826034887389345
43.46972570038693 0.21371865529548387 0.016083783423976435
43.47182052487756 0.2143209467360027 0.01634492909018703
43.47391534936819 0.21491160659704245 0.016609462276996573
43.47601017385882 0.2154894528707914 0.016877370112143134
43.47810499834945 0.2160532960802687 0.017148636230365364
43.48019982284008 0.21660193771867656 0.017423240550236696
43.48229464733071 0.21713416868149985 0.017701159057955173
43.48438947182134 0.21764876769963784 0.017982363598335983
43.48648429631197 0.218144499781488 0.018266821673260426
43.4885791208026 0.2186201146712486 0.018554496247725073
43.49067394529323 0.21907434533024905 0.018845345563646823
43.49276876978386 0.21950590644741524 0.01913932296147202
43.49486359427449 0.21991349298447024 0.019436376709656148
43.49695841876512 0.2202957787607565 0.019736449841976533
43.49905324325575 0.22065141508204264 0.020039480002665203
43.50114806774638 0.220979029416982 0.02034539929924919
43.50324289223701 0.22127722412438133 0.020654134163017243
43.50533771672764 0.22154457523378385 0.02096560521693615
43.50743254121827 0.221779631281396 0.021279727150878863
43.5095273657089 0.22198091220279567 0.021596408603935018
43.51162219019953 0.2221469129983145 0.021915553701238728
43.51371701469016 0.2222766320264689 0.022237246977729032
43.51581183918079 0.22237007678317228 0.02256193061075635
43.51790666367142 0.2224273913713609 0.022890099244792177
43.52000148816205 0.22244875014937307 0.023222262038641087
43.52209631265268 0.2224343627070195 0.023558943586126
43.52419113714331 0.22238447809397316 0.023900684567538154
43.52628596163394 0.22229938832053894 0.024248042141037224
43.52838078612457 0.2221794311471661 0.02460159008312232
43.5304756106152 0.2220249921772065 0.02496191868753159
43.53257043510583 0.22183650626707635 0.025329634432671777
43.53466525959646 0.2216144582689655 0.025705359428546015
43.53676008408709 0.22135938312324138 0.02608973065536475
43.53885490857772 0.22107186532059456 0.026483399007208242
43.540949733068345 0.22075253775743386 0.026887028155505265
43.54304455755898 0.22040208001201286 0.027301293248330277
43.54513938204961 0.2200212160729129 0.027726879462809113
43.54723420654024 0.21961071155574954 0.02816448042903805
43.549329031030865 0.21917137044810617 0.028614796544871576
43.5514238555215 0.21870403142658065 0.029078533201690536
43.553518680012125 0.21820956379330714 0.029556398941797533
43.55561350450276 0.21768886308228003 0.030049103568370844
43.557708328993385 0.21714284638824738 0.030557356228849964
43.55980315348402 0.21657244747255336 0.031081863492441426
43.561897977974645 0.21597861170139832 0.031623327441781
43.56399280246528 0.21536229087209333 0.03218244379808438
43.566087626955905 0.2147244379824752 0.032759900097947145
43.56818245144654 0.21406600199723858 0.033356373938786196
43.570277275937165 0.21338792266308515 0.03397253130831526
43.5723721004278 0.21269112542180216 0.034609025011925754
43.574466924918426 0.21197651646728205 0.03526649320994252
43.57656174940906 0.21124497798859526 0.03594555807498938
43.578656573899686 0.2104973636371973 0.03664682457764116
43.58075139839032 0.20973449425168655 0.037370879406739256
43.582846222880946 0.20895715386894023 0.03811829002867917
43.58494104737158 0.2081660860454129 0.03888960388825528
43.587035871862206 0.2073619905076142 0.039685347751698755
43.58913069635284 0.20654552014573804 0.04050602719101767
43.591225520843466 0.20571727835982265 0.04135212620702188
43.5933203453341 0.2048778167630953 0.04222410698717222
43.595415169824726 0.20402763324303338 0.043122409792960704
43.59750999431536 0.20316717037651635 0.04404745297062166
43.599604818805986 0.20229681419200007 0.044999633077869784
43.60169964329662 0.20141689326822254 0.04597932511880942
43.603794467787246 0.20052767815630768 0.04698688287838629
43.60588929227788 0.1996293811095275 0.0480226393475458
43.607984116768506 0.1987221561031775 0.04908690722979568
43.61007894125914 0.1978060991252349 0.050179979519974015
43.612173765749766 0.19688124871746862 0.051302130145820336
43.6142685902404 0.19594758674565046 0.05245361466331278
43.616363414731026 0.19500503937723598 0.05363467099673942
43.61845823922166 0.20892307713911384 0.062812217937631
43.620553063712286 0.20891514098837252 0.06427481142419207
43.62264788820292 0.20893423055681226 0.06577496063590821
43.624742712693546 0.20898090532589608 0.06731293047222282
43.62683753718418 0.20905566226411848 0.06888896842814157
43.628932361674806 0.19766105342083232 0.09477113834020498
43.63102718616544 0.19711503706739267 0.09714357558752802
43.633122010656066 0.19658051915676872 0.099578156407583
43.6352168351467 0.19605733862584404 0.10207533515354913
43.63731165963733 0.19554526902602948 0.10463554159280197
43.63940648412796 0.19504401980169414 0.10725918165211976
43.64150130861859 0.1945532376481879 0.10994663817767536
43.64359613310921 0.19407250794018024 0.1126982717067423
43.64569095759985 0.1936013562214801 0.11551442124774002
43.64778578209047 0.19313924974779897 0.1183954050657306
43.64988060658111 0.19268559907430227 0.12134152147068328
43.65197543107173 0.19223975968024318 0.12435304960566708
43.65407025556237 0.19180103362328774 0.1274302502328637
43.65616508005299 0.19136867121664952 0.1305733665148545
43.65825990454363 0.1909418727224673 0.13378262478946087
43.66035472903425 0.19051979005536834 0.13705823533593547
43.66244955352489 0.1901015284904777 0.14040039313114583
43.66454437801551 0.18968614837063155 0.1438092785938705
43.66663920250615 0.18927266680785956 0.14728505831619015
43.66873402699677 0.18886005937468342 0.1508278857803924
43.67082885148741 0.1844999188891633 0.21973770595028255
43.67292367597803 0.18510471325421435 0.2259603012949673
43.67501850046867 0.18578750441176545 0.2323387616140567
43.67711332495929 0.1865501032261842 0.23887517075366663
43.67920814944993 0.18739432056184818 0.24557161256000073
43.681302973940554 0.18832196728312417 0.2524301708791731
43.68339779843119 0.18933485425439062 0.2594529295573893
43.685492622921814 0.19043479234001318 0.2666419724407611
43.68758744741245 0.19162359240437155 0.2739993833754965
43.689682271903074 0.19290306531183016 0.2815272462077051
43.69177709639371 0.19427502192677001 0.289227644783597
43.693871920884334 0.1957412731135541 0.29710266294927934
43.69596674537497 0.19730362973656476 0.30515438455096494
43.698061569865594 0.1989639026601639 0.31338489343475845
43.70015639435623 0.20072390274873497 0.32179627344687495
43.702251218846854 0.2025854408666385 0.3303906084334167
43.70434604333749 0.2045503278782594 0.3391699822406013
43.706440867828114 0.20662037464795674 0.3481364787145284
43.70853569231875 0.20879739204011707 0.3572921817014184
43.710630516809374 0.21108319091909777 0.3666391750473682
43.71272534130001 0.21347958214928686 0.3761795425986008
43.714820165790634 0.2159883765950404 0.3859153682012103
43.71691499028127 0.21861138512074776 0.3958487357014225
43.719009814771894 0.22135041859076351 0.4059817289453292
43.72110463926253 0.22420728786947858 0.41631643177915817
43.723199463753154 0.22718380382124612 0.4268549280489991
43.72529428824379 0.23028177731045849 0.43759930160108235
43.727389112734414 0.23350301920146713 0.4485516362814945
43.72948393722504 0.23684934035865463 0.45971401593643096
43.731578761715674 0.24032255164640542 0.47108852441209004
