logL Corr CorrErr
41.52471829580042 -0.11884196877093058 0.004654747240700426
41.52693525658155 -0.11920929526931694 0.004625604088443523
41.529152217362686 -0.11960889770561706 0.004598339579084066
41.53136917814381 -0.12004005935627303 0.004572920272710709
41.533586138924946 -0.12050206349773096 0.0045493127294118614
41.53580309970608 -0.12099419340643308 0.004527483509276184
41.53802006048721 -0.12151573235882279 0.004507399172392249
41.54023702126835 -0.12206596363134362 0.004489026278848631
41.54245398204947 -0.12264417050043702 0.004472331388733951
41.54467094283061 -0.12324963624255024 0.004457281062136681
41.54688790361174 -0.12388164413412493 0.004443841859145447
41.54910486439287 -0.12453947745160449 0.004431980339848823
41.55132182517401 -0.12522241947143245 0.004421663064335385
41.55353878595513 -0.1259297534700499 0.004412856592693733
41.55575574673627 -0.1266607627239049 0.004405527485012382
41.5579727075174 -0.1274147305094386 0.004399642301379937
41.560189668298534 -0.12819094010309454 0.00439516760188497
41.56240662907967 -0.12898867478131615 0.004392069946616058
41.564623589860794 -0.12980721782054416 0.004390315895661775
41.56684055064193 -0.13064585249722735 0.004389872009110687
41.56905751142306 -0.13150386208780662 0.004390704847051375
41.571274472204195 -0.13238052986872537 0.004392780969572408
41.57349143298533 -0.13327513911642708 0.004396066936762366
41.575708393766455 -0.13418697310735225 0.004400529308709802
41.57792535454759 -0.1351153151179502 0.004406134645503322
41.58014231532872 -0.13605944842466147 0.004412849507231484
41.582359276109855 -0.13701865630392954 0.0044206404539828634
41.58457623689099 -0.13799222203219785 0.004429474045846034
41.586793197672115 -0.1389794288859067 0.004439316842909536
41.58901015845325 -0.13997956014150584 0.004450135405262006
41.59122711923438 -0.14099189907543563 0.004461896292991989
41.593444080015516 -0.14201572896413947 0.004474566066188056
41.59566104079665 -0.1430503330840609 0.004488111284938784
41.597878001577776 -0.14409499471163992 0.004502498509332697
41.60009496235891 -0.14514899712332685 0.004517694299458463
41.60231192314004 -0.14621162359556159 0.004533665215404609
41.604528883921176 -0.14728215740478773 0.00455037781725971
41.60674584470231 -0.1483598818274487 0.004567798665112339
41.608962805483436 -0.14944408013998448 0.0045858943190510105
41.61117976626457 -0.15053403561884554 0.004604631339164415
41.6133967270457 -0.15162903154047175 0.004623976285541069
41.61561368782684 -0.1527283511813067 0.004643895718269548
41.61783064860797 -0.15383127781779385 0.004664356197438423
41.6200476093891 -0.15493709472637288 0.004685324283136199
41.62226457017023 -0.15604508518349458 0.004706766535451586
41.624481530951364 -0.1571545324655988 0.004728649514473093
41.6266984917325 -0.15826471984912896 0.004750939780289291
41.62891545251363 -0.1593749306105286 0.0047736038929887545
41.63113241329476 -0.16048444802623757 0.004796608412659983
41.63334937407589 -0.16159255537270645 0.004819919899391697
41.635566334857025 -0.16269853592637507 0.0048435049132724
41.63778329563816 -0.163801672963687 0.004867330014390663
41.64000025641929 -0.16490124976108567 0.004891361762835059
41.64221721720042 -0.16599654959501098 0.004915566718694086
41.64443417798155 -0.1670868557419135 0.004939911442056473
41.646651138762685 -0.1681714514782331 0.004964362493010714
41.64886809954382 -0.16924962008041325 0.004988886431645385
41.65108506032495 -0.17032064482489748 0.005013449818049059
41.65330202110608 -0.17138380898812575 0.005038019212310232
41.65551898188721 -0.17243839584654833 0.005062561174517632
41.657735942668346 -0.17348368867660538 0.005087042264759759
41.65995290344948 -0.17451897075474024 0.005111429043125183
41.66216986423061 -0.1755435253573964 0.0051356880697024775
41.66438682501174 -0.17655663576101416 0.005159785904580142
41.66660378579287 -0.1775575852420434 0.005183689107846902
41.668820746574006 -0.17854565707692435 0.005207364239591256
41.67103770735514 -0.1795201345421004 0.005230777859901775
41.67325466813627 -0.1804803009140151 0.005253896528867036
41.6754716289174 -0.1814254394691089 0.005276686806575539
41.67768858969853 -0.18235483348383127 0.005299115253116002
41.67990555047967 -0.18326776623462251 0.005321148428576927
41.6821225112608 -0.18416352099792638 0.005342752893046888
41.684339472041934 -0.18504138105018597 0.005363895206614458
41.68655643282306 -0.18590062966784227 0.005384541929368144
41.688773393604194 -0.18674055012734425 0.005404659621396654
41.69099035438533 -0.18756042570513248 0.005424214842788496
41.69320731516646 -0.18835953967765046 0.005443174153632242
41.695424275947595 -0.18913717532134156 0.005461504114016464
41.69764123672872 -0.18989261591264703 0.005479171284029683
41.699858197509855 -0.190625144728015 0.005496142223760584
41.70207515829099 -0.1913340450438866 0.005512383493297686
41.70429211907212 -0.1920186001367052 0.005527861652729559
41.706509079853255 -0.1926780932829143 0.0055425432621447794
41.70872604063438 -0.19331180775895537 0.005556394881631876
41.710943001415515 -0.1939190268412759 0.005569383071279513
41.71315996219665 -0.19449903380631733 0.005581474391176217
41.71537692297778 -0.1950511119305231 0.005592635401410563
41.717593883758916 -0.19557454449033668 0.005602832662071124
41.71981084454004 -0.19606861476219997 0.0056120327332464465
41.722027805321176 -0.19653260602255956 0.005620202175025162
41.72424476610231 -0.19696580154785737 0.005627307547495816
41.72646172688344 -0.19736748461453665 0.005633315410746976
41.728678687664576 -0.19773693849904117 0.005638192324867222
41.7308956484457 -0.19807344647781322 0.005641904849945117
41.733112609226836 -0.19837629182729838 0.005644419546069255
41.73532957000797 -0.19864475782393892 0.0056457029733282
41.7375465307891 -0.19887812774417848 0.005645721691810523
41.73976349157024 -0.19907568486446034 0.005644442261604798
41.74198045235137 -0.199236712461228 0.005641831242799598
41.7441974131325 -0.19936050899041252 0.00563785600289083
41.74641437391363 -0.19944701693567868 0.005632518165649171
41.748631334694764 -0.19949704800180443 0.005625865589309807
41.7508482954759 -0.1995114753850148 0.005617949402879967
41.75306525625703 -0.19949117228153493 0.00560882073536688
41.75528221703816 -0.19943701188759036 0.0055985307157778086
41.75749917781929 -0.19934986739940586 0.005587130473119917
41.759716138600425 -0.19923061201320688 0.005574671136400465
41.76193309938156 -0.19908011892521835 0.00556120383462668
41.76415006016269 -0.19889926133166586 0.005546779696805795
41.76636702094382 -0.1986889124287749 0.005531449851945085
41.76858398172495 -0.1984499454127696 0.005515265429051683
41.770800942506085 -0.19818323347987568 0.005498277557132863
41.77301790328722 -0.19788964982631843 0.0054805373651958585
41.77523486406835 -0.19757006764832288 0.005462095982247892
41.77745182484948 -0.19722536014211553 0.005443004537296262
41.77966878563061 -0.19685640050391928 0.005423314159348068
41.781885746411746 -0.19646406192996038 0.005403075977410603
41.78410270719288 -0.19604921761646413 0.005382341120491095
41.78631966797401 -0.1956127407596556 0.005361160717596775
41.78853662875514 -0.1951555045557615 0.005339585897734935
41.79075358953627 -0.1946783822010042 0.005317667789912674
41.792970550317406 -0.1941822468916102 0.005295457523137284
41.79518751109854 -0.19366797182380488 0.005273006226415996
41.79740447187967 -0.19313643019381319 0.005250365028756039
41.7996214326608 -0.19258849519786228 0.005227585059164713
41.80183839344193 -0.19202504003217377 0.005204717446649102
41.80405535422307 -0.19144693789297457 0.005181813320216507
41.8062723150042 -0.19085506197648996 0.00515892380887416
41.808489275785334 -0.19025028547894507 0.005136100041629286
41.81070623656646 -0.1896334815965671 0.005113393147489189
41.812923197347594 -0.18900552352557726 0.0050908542554609516
41.81514015812873 -0.18836728446220274 0.005068534494551873
41.81735711890986 -0.18771963760266874 0.005046484993769187
41.819574079690994 -0.18706345614320047 0.00502475688212012
41.82179104047212 -0.18639961328002527 0.005003401288611968
41.824008001253254 -0.18572898220936407 0.004982469342251823
41.82622496203439 -0.18505243612744401 0.0049620121720469835
41.82844192281552 -0.18437084823049063 0.0049420809070046786
41.830658883596655 -0.18368509171472885 0.004922726676132138
41.83287584437778 -0.1829960397763862 0.004904000608436647
41.835092805158915 -0.1823045656116834 0.0048859538329253166
41.83730976594005 -0.1816115424168479 0.004868637478605437
41.83952672672118 -0.18091784338810485 0.004852102674484235
41.841743687502316 -0.1802243417216795 0.00483640054956894
41.84396064828344 -0.17953191061379922 0.00482158223286683
41.846177609064576 -0.1788414232606848 0.0048076988533850345
41.84839456984571 -0.17815375285856358 0.004794801540130835
41.85061153062684 -0.17746977260366079 0.004782941422111456
41.852828491407976 -0.176790355570537 0.004772169620473522
41.8550454521891 -0.17611605679486042 0.004762516708265931
41.857262412970236 -0.17544642387211337 0.004753948169079349
41.85947937375137 -0.17478080538917976 0.004746416628805876
41.8616963345325 -0.1741185499329413 0.004739874713337575
41.86391329531364 -0.17345900609027962 0.004734275048566508
41.86613025609476 -0.17280152244807856 0.004729570260384757
41.8683472168759 -0.17214544759321568 0.004725712974684351
41.87056417765703 -0.17149013011257472 0.004722655817357377
41.872781138438164 -0.1708349185930374 0.004720351414295894
41.8749980992193 -0.1701791616214855 0.004718752391391969
41.877215060000424 -0.1695222077848028 0.004717811374537665
41.87943202078156 -0.1688634056698667 0.004717480989625045
41.88164898156269 -0.1682021038635612 0.004717713862546174
41.883865942343824 -0.16753765095276793 0.0047184626191931174
41.88608290312496 -0.16686939552436847 0.00471967988545794
41.888299863906084 -0.16619668616524683 0.004721318287232697
41.89051682468722 -0.16551887146228036 0.004723330450409466
41.89273378546835 -0.16483530000235297 0.004725669000880306
41.894950746249485 -0.16414532037234641 0.004728286564537282
41.89716770703062 -0.1634482811591422 0.004731135767272456
41.899384667811745 -0.1627435309496245 0.004734169234977886
41.90160162859288 -0.16203041833067042 0.004737339593545652
41.90381858937401 -0.16130829188916396 0.004740599468867811
41.906035550155146 -0.16057650021198677 0.0047439014868364245
41.90825251093628 -0.15983439188602055 0.00474719827334356
41.910469471717406 -0.15908131549814958 0.00475044245428127
41.91268643249854 -0.15831661963525057 0.004753586655541639
41.91490339327967 -0.15753965288420774 0.004756583503016723
41.917120354060806 -0.1567497638319028 0.004759385622598584
41.91933731484194 -0.15594630106521737 0.004761945640179286
41.921554275623066 -0.15512861317103582 0.004764216181650887
41.9237712364042 -0.1542960487362347 0.004766149872905467
41.92598819718533 -0.15344795634769826 0.004767699339835081
41.92820515796647 -0.1525836845923082 0.004768817208331795
41.9304221187476 -0.15170258205694628 0.004769456104287672
41.93263907952873 -0.1508039973284971 0.004769568653594776
41.93485604030986 -0.14988727899383653 0.004769107482145173
41.937073001090994 -0.14895177563984924 0.004768025215830925
41.93928996187213 -0.14799683585341689 0.004766274480544097
41.94150692265326 -0.1470218082214212 0.0047638079021767536
41.94372388343439 -0.1460260413307471 0.004760578106620971
41.94594084421552 -0.1450088837682699 0.0047565377197687905
41.948157804996654 -0.1439696841208745 0.004751639367512288
41.95037476577779 -0.14290779097544257 0.004745835675743527
41.95259172655892 -0.14182255291885587 0.004739079270354572
41.95480868734005 -0.14071331853799965 0.004731322777237512
41.95702564812118 -0.13957943641974854 0.004722518822284362
41.959242608902315 -0.13842025515098777 0.00471262003138721
41.96145956968345 -0.137235123318599 0.004701579030438122
41.96367653046458 -0.1360234811666532 0.004689355208058122
41.96589349124571 -0.13478551322760848 0.004675962868589053
41.96811045202684 -0.1335217657227469 0.004661443002807019
41.970327412807976 -0.13223278727597904 0.00464583677876017
41.97254437358911 -0.13091912651121165 0.004629185364496616
41.97476133437024 -0.12958133205235145 0.004611529928064466
41.97697829515137 -0.12821995252330953 0.00459291163751189
41.9791952559325 -0.12683553654798382 0.004573371660886879
41.981412216713636 -0.12542863275028537 0.004552951166237596
41.98362917749477 -0.12399978975412092 0.0045316913216121545
41.9858461382759 -0.1225495561833971 0.0045096332950586605
41.98806309905703 -0.12107848066202542 0.004486818254625298
41.99028005983816 -0.11958711181390308 0.004463287368360031
41.9924970206193 -0.11807599826294153 0.004439081804311038
41.99471398140043 -0.1165456886330474 0.004414242730526428
41.996930942181564 -0.11499673154812745 0.004388811315054312
41.99914790296269 -0.11342967563209339 0.004362828725942881
42.001364863743824 -0.11184506950884189 0.00433633613124008
42.00358182452496 -0.11024346180228467 0.004309374698994098
42.00579878530609 -0.10862540113632838 0.004281985597253044
42.008015746087224 -0.10699143613487976 0.004254209994065027
42.01023270686835 -0.10534211542185078 0.004226089057478248
42.012449667649484 -0.10367798762113763 0.004197663955540634
42.01466662843062 -0.10199960135665218 0.004168975856300383
42.01688358921175 -0.10030750525230119 0.004140065927805606
42.019100549992885 -0.09860224793199134 0.004110975338104411
42.02131751077401 -0.09688437801963484 0.004081745255244999
42.023534471555145 -0.09515444413912744 0.004052416847275296
42.02575143233628 -0.09341299491438128 0.0040230312822435
42.02796839311741 -0.09166057896930303 0.003993629728197721
42.030185353898545 -0.08989774492779942 0.003964253353186069
42.03240231467967 -0.08812504141378287 0.003934943325256747
42.034619275460805 -0.08634301705114866 0.0039057408124576727
42.03683623624194 -0.08455222046380925 0.0038766869828370533
42.03905319702307 -0.08275320027567123 0.0038478230044429952
42.041270157804206 -0.08094650511064135 0.0038191900453236082
42.04348711858533 -0.07913268359263215 0.0037908292735270906
42.045704079366466 -0.07731228434553863 0.003762781857101371
42.0479210401476 -0.07548585599327341 0.0037350889640946493
42.05013800092873 -0.07365394715974305 0.003707791762555032
42.05235496170987 -0.07181710646885435 0.0036809314205306317
42.05457192249099 -0.06997588254451989 0.00365454910606964
42.05678888327213 -0.06813082401063457 0.0036286859872199945
42.05900584405326 -0.06628247949111099 0.0036033832320298935
42.061222804834394 -0.06443139760985578 0.00357868200854744
42.06343976561553 -0.06257812699077576 0.0035546234848207485
42.065656726396654 -0.06072321625778346 0.0035312488288979983
42.06787368717779 -0.058867214034773754 0.00350859920882715
42.07009064795892 -0.05701066894565925 0.003486715792656389
42.072307608740054 -0.0551541262291488 0.0034656388163830224
42.07452456952119 -0.0532980382039234 0.0034453829322161848
42.076741530302314 -0.05144275504119801 0.0034259346679730318
42.07895849108345 -0.04958862167629548 0.003407279109870697
42.08117545186458 -0.04773598304455655 0.003389401344126506
42.083392412645715 -0.04588518408131601 0.0033722864569577155
42.08560937342685 -0.04403656972190862 0.0033559195345815892
42.087826334207975 -0.04219048490167507 0.003340285663215432
42.09004329498911 -0.0403472745559383 0.003325369929076405
42.09226025577024 -0.038507283620039 0.00331115741838182
42.094477216551375 -0.03667085702931194 0.003297633217348933
42.09669417733251 -0.03483833971909194 0.00328478241219501
42.098911138113635 -0.03301007662471958 0.003272590089137343
42.10112809889477 -0.03118641268151792 0.003261041334393117
42.1033450596759 -0.023686255554083938 0.0014558832267045822
42.105562020457036 -0.02208180055566591 0.0014543512743520088
42.10777898123817 -0.020480834064004368 0.0014528575432620372
42.109995942019296 -0.018883646236012304 0.0014514029038428613
42.11221290280043 -0.01729052591553417 0.0014499880159438204
42.11442986358156 -0.015701760418814607 0.0014486133394152174
42.1166468243627 -0.014117635330956314 0.0014472791446384177
42.11886378514383 -0.012538434313703658 0.00144598552300281
42.12108074592496 -0.010964438924752934 0.0014447323973068456
42.12329770670609 -0.009395928448759598 0.0014435195320611973
42.125514667487224 -0.00783317974028212 0.001442346543672969
42.12773162826836 -0.006276467078695563 0.001441212910490641
42.12994858904949 -0.004726062035255511 0.0014401179826904658
42.13216554983062 -0.0031822333523637493 0.0014390609919858741
42.13438251061175 -0.0016452468350611114 0.0014380410611424099
42.136599471392884 -0.00011536525484604923 0.0014370572132817161
42.13881643217402 0.001407151734279816 0.0014361083809589776
42.14103339295515 0.0029220476674875736 0.0014351934149992765
42.14325035373628 0.004429069328587181 0.0014343110930792413
42.14546731451741 0.0059279667973717335 0.001433460128041344
42.147684275298545 0.007418493484849525 0.0014326391759291839
42.14990123607968 0.008900406156559423 0.0014318468437329694
42.15211819686081 0.010373464944010955 0.0014310816968354132
42.15433515764194 0.011837433344400855 0.0014303422661491058
42.15655211842307 0.013292078208768909 0.0014296270549373222
42.158769079204205 0.014737169718672128 0.001428934545311106
42.16098603998534 0.016172481351629586 0.001428263204396219
42.16320300076647 0.01759778983543268 0.0014276114901644182
42.1654199615476 0.019012875091515266 0.001426977856924223
42.16763692232873 0.020417520167580777 0.0014263607604670684
42.169853883109866 0.021811511159595284 0.0014257586628654386
42.172070843891 0.023194637123414855 0.0014251700369201743
42.17428780467213 0.02456668997615622 0.001424593370254783
42.17650476545326 0.025927464387508356 0.0014240271690551228
42.17872172623439 0.02727675766117764 0.0014234699614533285
42.18093868701553 0.028614369739677112 0.0014229203030496126
42.18315564779666 0.029940156037299357 0.0014223777723461719
42.185372608577794 0.031254107507378365 0.0014218444769422552
42.18758956935892 0.03255623644601507 0.001421322916969837
42.189806530140054 0.033846555546438645 0.0014208155938782827
42.19202349092119 0.035125077856083875 0.0014203250107837722
42.19424045170232 0.03639181673424524 0.0014198536728176044
42.196457412483454 0.03764678581024019 0.001419404087473161
42.19867437326459 0.03888999894210488 0.0014189787649512586
42.200891334045714 0.04012147017581702 0.001418580218503576
42.20310829482685 0.041341213705075444 0.0014182109647738184
42.20532525560798 0.042549243831587515 0.0014178735241362622
42.207542216389115 0.04374557492595647 0.0014175704210312517
42.20975917717025 0.044930221389126807 0.001417304184297229
42.211976137951375 0.046103197614427986 0.0014170773474988328
42.21419309873251 0.047264517950258746 0.0014168924492505527
42.21641005951364 0.04841419666338281 0.0014167520335354427
42.218627020294775 0.04955224790294096 0.0014166586500183155
42.22084398107591 0.0506786856651563 0.0014166148543528604
42.223060941857035 0.05179352375878695 0.001416623208482074
42.22527790263817 0.052896775771382694 0.0014166862809313879
42.2274948634193 0.05398845503633211 0.0014168066470938475
42.229711824200436 0.0550685746008154 0.001416986889506679
42.23192878498157 0.05613714719465364 0.0014172295981185795
42.234145745762696 0.05719418520011976 0.0014175373705470216
42.23636270654383 0.058239700622776565 0.0014179128123248984
42.23857966732496 0.05927370506334042 0.0014183585371357723
42.2407966281061 0.06029620969068992 0.0014188771670370394
42.24301358888723 0.06130722521602035 0.0014194713326702846
42.245230549668356 0.062306761868213136 0.0014201436734581105
42.24744751044949 0.06329482937048962 0.0014208968377867506
42.24966447123062 0.0642714369183533 0.0014217334831737331
42.25188143201176 0.06523659315893725 0.0014226562764199484
42.25409839279289 0.06619030617176092 0.0014236678937454205
42.25631535357402 0.06713258345096282 0.001424771020908134
42.25853231435515 0.0680634318890742 0.001425968353305311
42.260749275136284 0.06898285776233674 0.0014272625960564808
42.26296623591742 0.06989086671767028 0.0014286564640678347
42.26518319669855 0.07078746376129014 0.0014301526820772893
42.26740015747968 0.07167265324903002 0.0014317539846797596
42.26961711826081 0.07254643887842378 0.0014334631163322258
42.271834079041945 0.07340882368253834 0.001435282831338098
42.27405103982308 0.07425981002564692 0.0014372158938106207
42.27626800060421 0.07509939960072753 0.001439265077614931
42.27848496138534 0.07592759342882559 0.0014414331662885437
42.28070192216647 0.07674439186031284 0.0014437229529401002
42.282918882947605 0.07754979457801829 0.001446137240126153
42.28513584372874 0.07834380060229346 0.0014486788397060398
42.28735280450987 0.07912640829797783 0.0014513505726747613
42.289569765291 0.07989761538327712 0.001454155268973945
42.29178672607213 0.08065742183875864 0.0014570953982416645
42.294003686853266 0.08140584517668083 0.0014601711144028944
42.2962206476344 0.08214290886604007 0.0014633817026561539
42.29843760841553 0.08286863515538027 0.0014667264905210942
42.30065456919666 0.08358304510700144 0.0014702048475698003
42.30287152997779 0.08428615865730432 0.0014738161827296283
42.305088490758926 0.08497799468655864 0.001477559941242907
42.30730545154006 0.08565857109777594 0.0014814356012977667
42.30952241232119 0.08632790490428177 0.0014854426703441392
42.31173937310232 0.08698601232562353 0.0014895806811092748
42.31395633388345 0.08763290889144727 0.0014938491873271508
42.31617329466459 0.08826860955293513 0.0014982477591957747
42.31839025544572 0.08889312880147185 0.0015027759785767154
42.320607216226854 0.08950648079413857 0.0015074334339504863
42.32282417700798 0.0901086794856819 0.0015122197151413944
42.325041137789114 0.09069973876661176 0.001517134407825118
42.32725809857025 0.0912796726070534 0.0015221770878315745
42.32947505935138 0.09184849520605694 0.0015273473152557283
42.331692020132515 0.09240622114601237 0.0015326446283879529
42.33390898091364 0.09295286572763242 0.0015380685338176145
42.336125941694775 0.09348849262765706 0.001543617511658341
42.33834290247591 0.09401327846109463 0.0015492876691039655
42.34055986325704 0.09452741704486559 0.0015550747305246723
42.342776824038175 0.09503110334895788 0.001560974369526562
42.3449937848193 0.09552453349624912 0.00156698220704945
42.347210745600435 0.09600790476100884 0.0015730938094991073
42.34942770638157 0.09648141556622127 0.001579304686908518
42.3516446671627 0.0969452654799208 0.001585610291123203
42.353861627943836 0.09739965521067302 0.0015920060140047895
42.35607858872496 0.09784478660236041 0.0015984871856472356
42.358295549506096 0.09828086262842708 0.0016050490725999446
42.36051251028723 0.09870808738570265 0.0016116868760914934
42.36272947106836 0.09912666608797095 0.0016183957302482622
42.364946431849496 0.09953680505939304 0.0016251707003014208
42.36716339263062 0.09993871172791932 0.0016320067807760461
42.369380353411756 0.10033259461881743 0.0016388988936560135
42.37159731419289 0.10071866334841435 0.0016458418865178015
42.37381427497402 0.10109712861818963 0.0016528305306269724
42.37603123575516 0.10146820220930744 0.00165985951899024
42.37824819653628 0.10183209697769821 0.0016669234643563588
42.38046515731742 0.10218902684979311 0.0016740168971589378
42.38268211809855 0.10253920681899013 0.0016811342633937148
42.384899078879684 0.10288285294296616 0.001688269922423466
42.38711603966082 0.10322018234190691 0.0016954181447027836
42.389333000441944 0.1035514131977456 0.0017025731094152286
42.39154996122308 0.1038767647545002 0.001709728902015179
42.39376692200421 0.10419645731977376 0.0017168795116660265
42.395983882785345 0.10451071226751994 0.001724018828566936
42.39820084356648 0.10481975204213545 0.001731140641159325
42.400417804347605 0.10512379648490411 0.0017382389000889192
42.40263476512874 0.10542299607447082 0.0017453125579487711
42.40485172590987 0.1057174374393483 0.0017523651649597534
42.407068686691005 0.1060072030275893 0.0017594005380291203
42.40928564747214 0.10629237309670468 0.0017664226152810162
42.411502608253265 0.10657302551359389 0.001773435469818774
42.4137195690344 0.1068492355747374 0.001780443322366709
42.41593652981553 0.10712107584651398 0.0017874505527981682
42.418153490596666 0.10738861602559102 0.001794461710553616
42.4203704513778 0.10765192281935032 0.0018014815239485748
42.422587412158926 0.10791105984636581 0.001808514908369004
42.42480437294006 0.10816608755697701 0.0018155669733495427
42.42702133372119 0.10841706317400417 0.0018226430285279338
42.429238294502326 0.10866404065369029 0.0018297485884685293
42.43145525528346 0.10890707066692937 0.001836889376346287
42.433672216064586 0.10914620060085074 0.001844071326482847
42.43588917684572 0.1093814745808172 0.0018513005857264887
42.43810613762685 0.109612933512857 0.001858583513667912
42.44032309840799 0.10984061514655126 0.001865926681685672
42.44254005918912 0.11006455415833594 0.0018733368708157576
42.44475701997025 0.1102847822551516 0.0018808210684421287
42.44697398075138 0.11050132829832789 0.0018883864638073256
42.449190941532514 0.1107142182885878 0.0018960404404874478
42.45140790231365 0.11092345688973967 0.001903790352329951
42.45362486309478 0.11112901032047835 0.0019116433170813622
42.45584182387591 0.11133083892773472 0.0019196065875214166
42.45805878465704 0.11152890154086498 0.001927687589009103
42.460275745438175 0.11172315568112812 0.001935893907082746
42.46249270621931 0.11191355778392242 0.0019442332738477458
42.46470966700044 0.11210006343322881 0.0019527135531850757
42.46692662778157 0.11228262760765907 0.0019613427248189653
42.4691435885627 0.11246120493744516 0.001970128867287164
42.471360549343835 0.11263574997163117 0.001979080139861623
42.47357751012497 0.11280621745469042 0.001988204763473439
42.4757944709061 0.11297256261170971 0.0019975110006999336
42.47801143168723 0.11313474144123856 0.0020070071348772113
42.48022839246836 0.11329271101484574 0.0020167014484063794
42.482445353249496 0.11344642978236526 0.0020266022003256282
42.48466231403063 0.1135958578817849 0.0020367176032258824
42.48687927481176 0.1137409574526698 0.0020470557995908084
42.48909623559289 0.11388169295198658 0.002057624837646448
42.49131319637402 0.11401803147116187 0.0020684326468092696
42.493530157155156 0.11414994305317178 0.002079487012823864
42.49574711793629 0.11427740100845782 0.0020907955526853848
42.49796407871742 0.11440038222843249 0.00210236568944286
42.50018103949855 0.11451886749534324 0.0021142046269819106
42.50239800027968 0.11463284178726123 0.0021263193248866065
42.50461496106082 0.11474229457696362 0.0021387164734800903
42.50683192184195 0.11484722012350593 0.002151402469144991
42.509048882623084 0.11494761844685049 0.0021643833486723993
42.51126584340421 0.11504359262923608 0.0021776589593200044
42.513482804185344 0.11513544794619537 0.0021912169939519634
42.51569976496648 0.11522351606952867 0.0022050434784080877
42.51791672574761 0.11530813040992813 0.0022191242436210255
42.520133686528744 0.11538962552084157 0.002233444960725819
42.52235064730987 0.11546833654432065 0.0022479911741831136
42.524567608091004 0.11554459869865637 0.0022627483328857114
42.52678456887214 0.11561874680729088 0.00227770181923646
42.52900152965327 0.11569111486823024 0.002292836976204205
42.531218490434405 0.11576203566294237 0.00230813913237806
42.53343545121553 0.11583184040353521 0.00232359362505434
42.535652411996665 0.11590085841684797 0.0023391858214018638
42.5378693727778 0.11596941686395718 0.002354901137759896
42.54008633355893 0.11603784049350721 0.002370725057132627
42.542303294340066 0.11610645142719678 0.002386643144948748
42.54452025512119 0.11617556897570892 0.00240264106316065
42.546737215902326 0.1162455094833482 0.0024187045827614552
42.54895417668346 0.11631658619963577 0.00243481959479962
42.55117113746459 0.1163891091761342 0.0024509721199741518
42.553388098245726 0.11646338518678868 0.002467148316892273
42.55560505902685 0.1165397176701145 0.0024833344890722044
42.557822019807986 0.11661840669160817 0.0024995170907728265
42.56003898058912 0.11669974892481093 0.0025156827317294977
42.56225594137025 0.11678403764952477 0.002531818180875102
42.56447290215139 0.11687156197469431 0.002547910405302001
42.56668986293251 0.11696255607067728 0.002563948897173542
42.56890682371365 0.11705716742645375 0.0025799271389696037
42.57112378449478 0.11715553088119582 0.002595839227892029
42.573340745275914 0.1172577760369943 0.0026116795419879432
42.57555770605705 0.1173640273965273 0.0026274427386067767
42.57777466683818 0.11881766847347208 0.0010682486622513592
42.57999162761931 0.1189197525150038 0.0010715239733124354
42.58220858840044 0.11902536340408533 0.0010749991605760911
42.584425549181574 0.11913451097836555 0.0010786731147053924
42.58664250996271 0.11924720341742918 0.0010825444762498115
42.58885947074384 0.11936344749965566 0.0010866116427507766
42.59107643152497 0.11948324885438516 0.0010908727763229
42.5932933923061 0.11960661220953155 0.0010953258116337132
42.595510353087235 0.11973354163490992 0.0010999684642055535
42.59772731386837 0.11986404078168053 0.0011047982389653325
42.5999442746495 0.11999811311840498 0.0011098124389694861
42.60216123543063 0.1201357621643111 0.0011150081742340738
42.60437819621176 0.1202769917204464 0.0011203823706026756
42.606595156992896 0.12042180609946199 0.0011259317785872643
42.60881211777403 0.12057021035484744 0.001131652982120834
42.61102907855516 0.1207222105104758 0.00113754240716306
42.61324603933629 0.12087781379137404 0.0011435963301037288
42.61546300011742 0.12103702885667778 0.0011498108859118125
42.617679960898556 0.12119986603575571 0.0011561820759807312
42.61989692167969 0.12136631349191719 0.001162706128690413
42.62211388246082 0.12153624159950958 0.0011693809086077
42.62433084324195 0.12170948523584584 0.0011762047140104447
42.62654780402308 0.12188588052883287 0.001183175749762906
42.62876476480422 0.12206526447277662 0.0011902921455251754
42.63098172558535 0.12224747456542318 0.001197551972976826
42.633198686366484 0.12243234847571786 0.0012049532619312245
42.63541564714761 0.12261972374043675 0.0012124940153831877
42.637632607928744 0.12280943748801261 0.0012201722235296926
42.63984956870988 0.12300132618801678 0.001227985876800293
42.64206652949101 0.12319522542491158 0.0012359329779325064
42.644283490272144 0.12339096969478917 0.0012440115531246704
42.64650045105327 0.12358839222393066 0.0012522196622975616
42.648717411834404 0.1237873248081191 0.0012605554084946526
42.65093437261554 0.12398759767171272 0.0012690169464490795
42.65315133339667 0.1241890393455873 0.00127760249034522
42.655368294177805 0.12439147656310502 0.001286310320800899
42.65758525495893 0.12459473417334424 0.001295138791095919
42.659802215740065 0.12479863507088307 0.0013040863326718858
42.6620191765212 0.12500300014146828 0.001313151459927078
42.66423613730233 0.1252076482229711 0.001322332774330502
42.666453098083466 0.12541239608105093 0.0013316289678777817
42.66867005886459 0.12561705839899814 0.0013410388259116153
42.670887019645726 0.12582144778125995 0.0013505612293291172
42.67310398042686 0.1260253747701718 0.0013601951561973916
42.67532094120799 0.12622864787546112 0.0013699396827993667
42.677537901989126 0.1264310736160931 0.0013797939841305598
42.67975486277025 0.12663245759161515 0.0013897573354374206
42.681971823551386 0.12683264491380009 0.0013998291741185048
42.68418878433252 0.12703153423519387 0.0014100091210875814
42.68640574511365 0.12722902726034072 0.0014202969016730755
42.68862270589479 0.12742502505578565 0.0014306923377876697
42.69083966667591 0.12761942810713725 0.0014411953454102967
42.69305662745705 0.1278121363799914 0.0014518059316412204
42.69527358823818 0.12800304938476692 0.0014625241913501358
42.697490549019314 0.1281920662455158 0.0014733503034382706
42.69970750980045 0.12837908577273405 0.001484284526734125
42.701924470581574 0.12856400654019545 0.0014953271955430543
42.70414143136271 0.12874672696580658 0.0015064787148707374
42.70635839214384 0.12892714539644784 0.0015177395553397529
42.708575352924974 0.12910516019675905 0.0015291102478195776
42.71079231370611 0.1292806698417762 0.0015405913777889295
42.713009274487234 0.12945357301331104 0.0015521835794499689
42.71522623526837 0.12962376869992911 0.0015638875296137026
42.7174431960495 0.12979115630034027 0.0015757039413750618
42.719660156830635 0.1299556357299996 0.0015876335575972483
42.72187711761177 0.13011710753066516 0.0015996771442234837
42.724094078392895 0.13027547298263492 0.0016118354834348445
42.72631103917403 0.13043063421935328 0.0016241093666726966
42.72852799995516 0.13058250286132775 0.001636499463368408
42.730744960736295 0.13073110965330806 0.0016490047144665264
42.73296192151743 0.13087657350068685 0.0016616227692255946
42.735178882298555 0.1310190174790109 0.0016743512007617403
42.73739584307969 0.13115856656718924 0.0016871875330927795
42.73961280386082 0.13129534734198972 0.0017001292396523794
42.741829764641956 0.13142948768167428 0.001713173741713155
42.74404672542309 0.1315611164792655 0.0017263184067207635
42.746263686204216 0.13169036336584472 0.0017395605465429288
42.74848064698535 0.1318173584441926 0.0017528974156383788
42.75069760776648 0.13194223203298983 0.0017663262091506724
42.75291456854762 0.1320651144217349 0.0017798440609341237
42.75513152932875 0.13218613563645523 0.0017934480415182125
42.75734849010988 0.13230542521623304 0.0018071351560181965
42.75956545089101 0.13242311200051657 0.0018209023420000922
42.761782411672144 0.13253932392712953 0.0018347464673075982
42.76399937245328 0.13265418784086677 0.0018486643278602998
42.76621633323441 0.13276782931251316 0.0018626526454310565
42.76843329401554 0.13288037246810191 0.0018767080654114028
42.77065025479667 0.13299193982820245 0.0018908271545737534
42.772867215577804 0.1331026521569991 0.0019050063988381783
42.77508417635894 0.13321262832091932 0.001919242201052939
42.77730113714007 0.13332198515654273 0.0019335308787961575
42.7795180979212 0.13343083734751943 0.001947868662206602
42.78173505870233 0.13353929731022 0.0019622516918512884
42.783952019483465 0.1336474750878256 0.0019766760166362923
42.7861689802646 0.13375547825257916 0.001991137591768405
42.78838594104573 0.1338634118159035 0.0020056322767732495
42.79060290182686 0.1339713781461009 0.002020155833575954
42.79281986260799 0.13407947689335203 0.0020347039246500507
42.795036823389125 0.13418780259333457 0.002049272047365682
42.79725378417026 0.13429638317829434 0.0020638538486682416
42.79947074495139 0.134405174845859 0.002078440991282377
42.80168770573252 0.13451412966419465 0.00209302501231639
42.80390466651365 0.1346231993986631 0.0021075974294362666
42.806121627294786 0.13473233569207335 0.002122149746860925
42.80833858807592 0.13484149023093167 0.002136673460894489
42.81055554885705 0.13495061641011202 0.002151160151391458
42.81277250963818 0.13505973850251715 0.0021656054317070557
42.81498947041931 0.1351689811112995 0.0021800106339511416
42.81720643120045 0.13527847856076694 0.0021943776284662486
42.81942339198158 0.13538836781118208 0.0022087084109438915
42.821640352762714 0.13549878872437018 0.002223005109291262
42.82385731354384 0.13560988430273505 0.0022372699888519847
42.826074274324974 0.1357218009035471 0.0022515054560591813
42.82829123510611 0.13583468843029378 0.0022657140605945748
42.83050819588724 0.13594870050282704 0.00227989849612556
42.832725156668374 0.13606399460795915 0.002294061599687103
42.8349421174495 0.13618073223209834 0.002308206349772981
42.837159078230634 0.13629907809008018 0.0023223358895782054
42.83937603901177 0.13641913909151274 0.0023364553420563323
42.8415929997929 0.13654092467486809 0.0023505729969647746
42.843809960574035 0.136664438628284 0.002364697581548599
42.84602692135516 0.13678968826869792 0.002378837980034221
42.848243882136295 0.13691668422894215 0.002393003231007677
42.85046084291743 0.13704544024206394 0.002407202523908549
42.85267780369856 0.13717597292329275 0.002421445194706674
42.854894764479695 0.13730830155006726 0.002435740720822412
42.85711172526082 0.13744244784054774 0.0024500987153476214
42.859328686041955 0.13757843573103412 0.00246452892062014
42.86154564682309 0.13771629115269526 0.0024790412011995635
42.86376260760422 0.13785604180801778 0.0024936455362897713
42.865979568385356 0.1379977169473536 0.0025083520116483777
42.86819652916648 0.138141347145935 0.0025231708110206247
42.870413489947616 0.1382869640817064 0.0025381122071319786
42.87263045072875 0.1384346003142901 0.00255318655226955
42.87484741150988 0.1385842890653928 0.002568404268481175
42.87706437229102 0.1387360640009188 0.0025837758374165475
42.87928133307214 0.13888995901503354 0.0025993117898330913
42.88149829385328 0.1390460080163932 0.0026150226947868256
42.88371525463441 0.13920424471671228 0.0026309191485251794
42.885932215415544 0.13936470242182622 0.002647011763098255
42.88814917619668 0.1395274138253542 0.002663311154701318
42.8903661369778 0.13969241080504044 0.0026798279317603647
42.89258309775894 0.13985972422181717 0.0026965726827708945
42.89480005854007 0.14002938372158377 0.002713555963897326
42.897017019321204 0.1402014175396775 0.0027307882863408022
42.89923398010234 0.14037585230795327 0.002748280103479887
42.901450940883464 0.14055271286436333 0.002766041797788381
42.9036679016646 0.14073202206488747 0.002784083667533314
42.90588486244573 0.14091380059761513 0.002802415913253854
42.908101823226865 0.14109806679876263 0.0028210486240228825
42.910318784008 0.14128483870335126 0.0028399919124531036
42.912535744789125 0.14147417568109077 0.002859258690230379
42.91475270557026 0.14166617461839084 0.002878864411019385
42.91696966635139 0.14186093116995316 0.0028988244816651578
42.919186627132525 0.14205853843156155 0.002919154169161771
42.92140358791366 0.14225908710020224 0.0029398686066981613
42.923620548694785 0.14246266563241064 0.002960982799465887
42.92583750947592 0.14266936040113354 0.002982511630266186
42.92805447025705 0.14287922744994944 0.003004469107455372
42.930271431038186 0.1430921270933242 0.0030268639552334616
42.93248839181932 0.14330783775550404 0.0030497026515423006
42.934705352600446 0.14352613748865864 0.003072991602009933
42.93692231338158 0.14374680463190714 0.003096737156685757
42.93913927416271 0.1439696181747944 0.0031209456186964152
42.94135623494385 0.1441943581001946 0.0031456232522034514
42.94357319572498 0.1444208057067651 0.0031707762897086266
42.945790156506106 0.1446487439110779 0.003196410938751373
42.94800711728724 0.14487799749512353 0.0032225323943440003
42.95022407806837 0.1451085499811398 0.003249141941772627
42.95244103884951 0.14534042418144544 0.003276239932282502
42.95465799963064 0.14557364337216913 0.0033038267587664847
42.95687496041177 0.14734035265117404 0.001329389238646815
42.9590919211929 0.147614707341719 0.0013381445086929253
42.961308881974034 0.1478869683896669 0.0013471935120847381
42.96352584275517 0.14815717849339152 0.0013565365196409748
42.9657428035363 0.1484253823277599 0.0013661737561691653
42.96795976431743 0.14869162647670495 0.0013761054028385224
42.97017672509856 0.14895595936747108 0.0013863315995333821
42.972393685879695 0.14921843120648234 0.0013968524471827499
42.97461064666083 0.14947909391681105 0.0014076680100618285
42.97682760744196 0.1497380010772013 0.0014187783180596842
42.97904456822309 0.14999520786262363 0.0014301833689073593
42.98126152900422 0.15025077098633943 0.0014418831303604413
42.983478489785355 0.15050474864344343 0.0014538775423291598
42.98569545056649 0.15075720045588545 0.0014661665189502741
42.98791241134762 0.15100818741894534 0.0014787499505937696
42.99012937212875 0.1512577718491604 0.0014916277057982312
42.99234633290988 0.15150601733370075 0.0015047996331290048
42.994563293691016 0.15175298868118242 0.0015182655629527456
42.99678025447215 0.15199875187393336 0.0015320253091237596
42.99899721525328 0.1522433740217048 0.0015460786705765277
43.00121417603441 0.15248692331683897 0.0015604254328201316
43.00343113681554 0.15272946899090398 0.0015750653693308403
43.005648097596676 0.15297108127279624 0.0015899982428387762
43.00786505837781 0.15321183134833724 0.0016052238065067796
43.01008201915894 0.1534517913213674 0.0016207418049985782
43.01229897994007 0.15369103417635777 0.0016365519754349394
43.0145159407212 0.15392963374255855 0.0016526540482371052
43.01673290150234 0.15416766465969514 0.0016690477478564435
43.01894986228347 0.15440520234524466 0.001685732793391631
43.021166823064604 0.15464232296330566 0.0017027088990935046
43.02338378384573 0.15487910339508637 0.001719975774759327
43.025600744626864 0.15511562064174045 0.0017375331175203067
43.027817705408 0.1553519439566382 0.0017553804948115157
43.03003466618913 0.15558813671481045 0.0017735173721845502
43.032251626970265 0.15582426258414048 0.0017919432055766645
43.03446858775139 0.1560603856774635 0.001810657443810814
43.036685548532525 0.15629657054778145 0.0018296595286564157
43.03890250931366 0.15653288218620479 0.0018489488948339177
43.04111947009479 0.15676938602256937 0.0018685249699670653
43.043336430875925 0.15700614816587052 0.0018883871752879075
43.04555339165705 0.15724325726084637 0.001908534999486937
43.047770352438185 0.15748084213823663 0.0019289680583892352
43.04998731321932 0.15771903625711195 0.001949685974430798
43.05220427400045 0.1579579735949681 0.0019706883624844244
43.054421234781586 0.15819778869164564 0.001991974829695631
43.05663819556271 0.1584386085504686 0.002013544985780718
43.058855156343846 0.15868047615850267 0.0020353985416113646
43.06107211712498 0.15892338452908222 0.002057535265390998
43.06328907790611 0.15916732594067753 0.0020799549190551347
43.065506038687246 0.15941229251188385 0.002102657257361593
43.06772299946837 0.15965827612605815 0.00212564202779248
43.069939960249506 0.15990526836030391 0.002148908970427602
43.07215692103064 0.16015326041856426 0.0021724578177918265
43.07437388181177 0.16040224306861867 0.002196288294681398
43.07659084259291 0.16065220658275897 0.0022204001179714004
43.07880780337404 0.1609031406819446 0.0022447929964079646
43.08102476415517 0.16115503448323837 0.0022694666303880126
43.0832417249363 0.16140787645033747 0.0022944207117298037
43.085458685717434 0.1616616543470077 0.0023196549234356574
43.08767564649857 0.16191635519326114 0.002345168939450855
43.0898926072797 0.16217196522409996 0.0023709624244197328
43.09210956806083 0.1624284698506703 0.002397035033441402
43.09432652884196 0.16268585362367877 0.002423386411827359
43.096543489623095 0.16294410019891364 0.0024500161948614223
43.09876045040423 0.1632031923047497 0.002476924007565169
43.10097741118536 0.16346311171149097 0.0025041094644689703
43.10319437196649 0.1637238392024325 0.0025315721693902294
43.10541133274762 0.16398535454652383 0.002559311715220296
43.107628293528755 0.16424763647250945 0.0025873276837196516
43.10984525430989 0.16451066264445569 0.0026156196453238616
43.11206221509102 0.1647744096385483 0.0026441871589596285
43.11427917587215 0.16503885292106954 0.0026730297718718724
43.11649613665328 0.1653039668274657 0.0027021470194627186
43.118713097434416 0.16556972454240718 0.0027315384251412906
43.12093005821555 0.1658360980807742 0.002761203500186337
43.12314701899668 0.16610305826947885 0.002791141743620437
43.12536397977781 0.16637057473005365 0.002821352642096233
43.12758094055894 0.166638615861941 0.0028518356697951473
43.129797901340076 0.16690714882640575 0.0028825902883369866
43.13201486212121 0.16717613953102559 0.002913615946702197
43.13423182290234 0.16744555261468738 0.0029449120811650656
43.13644878368347 0.16771535143303937 0.0029764781152380685
43.1386657444646 0.16798549804435087 0.003008313459627533
43.14088270524574 0.1682559537022079 0.003040417385421987
43.14309966602687 0.16852668405863594 0.0030727877250078736
43.145316626808004 0.168797657049446 0.0031054214210362073
43.14753358758913 0.1690688393371101 0.003138315425216347
43.149750548370264 0.16934019625686222 0.003171466714355055
43.1519675091514 0.1696116918202788 0.0032048722916862365
43.15418446993253 0.1698832887193526 0.0032385291878136778
43.156401430713665 0.17015494833094705 0.00327243446129929
43.15861839149479 0.17042663072154704 0.0033065851989298773
43.160835352275924 0.1706982967910709 0.003340978470910011
43.16305231305706 0.17096992592922264 0.003375610960323467
43.16526927383819 0.17124150753569015 0.0034104791869635823
43.167486234619325 0.17151305513609164 0.003445581161348909
43.16970319540045 0.1717846147439146 0.003480916916172079
43.171920156181585 0.17205623377197227 0.0035164867260855893
43.17413711696272 0.17232795901460088 0.0035522909736861257
43.17635407774385 0.17259983696256323 0.0035883301479160763
43.178571038524986 0.17287191411844677 0.003624604841468503
43.18078799930611 0.17314423731238873 0.003661115747226122
43.183004960087246 0.17341685401778775 0.0036978636537648105
43.18522192086838 0.17368981266647848 0.003734849439950367
43.18743888164951 0.1739631629627266 0.0037720740686625755
43.189655842430646 0.1742369561952323 0.003809538579678302
43.19187280321177 0.1745112455462225 0.0038472440817499277
43.194089763992906 0.1747860863966013 0.003885191743918114
43.19630672477404 0.17506152389491747 0.003923383836765114
43.19852368555517 0.17533749421758762 0.003961831875281468
43.20074064633631 0.17561387813562915 0.004000552152792846
43.20295760711743 0.17589055837404857 0.004039560997608129
43.20517456789857 0.176167420270155 0.004078874721924437
43.2073915286797 0.17644435194609162 0.0041185096101075385
43.209608489460834 0.17672124448128051 0.00415848190616937
43.21182545024197 0.17699799208334513 0.004198807800521283
43.214042411023094 0.17727449225619227 0.004239503416081333
43.21625937180423 0.17755064596403708 0.0042805847938111
43.21847633258536 0.17782635779024844 0.004322067877752054
43.220693293366494 0.1781015360900376 0.0043639684996331805
43.22291025414763 0.1783760931361048 0.004406302363113967
43.225127214928754 0.17864994525650207 0.004449085027726405
43.22734417570989 0.17892301296409874 0.004492331892576409
43.22956113649102 0.17919522107715133 0.004536058179858949
43.231778097272155 0.17946649883064586 0.004580278918242401
43.23399505805329 0.1797367799781789 0.004625008926169107
43.236212018834415 0.18000600288429852 0.004670262795117983
43.23842897961555 0.18027411060735243 0.004716054872870996
43.24064594039668 0.18054105097300294 0.004762399246818249
43.242862901177816 0.180806776638716 0.004809309727337143
43.24507986195895 0.18107124514962047 0.0048567998312715865
43.247296822740076 0.18133441898625435 0.004904882765535587
43.24951378352121 0.18159626560481718 0.004953571410861023
43.25173074430234 0.18185675747061902 0.005002878305701713
43.253947705083476 0.18211587208552527 0.005052815630306647
43.25616466586461 0.18237358555879654 0.005103395971637206
43.258381626645736 0.18262982112781087 0.005154638493368417
43.26059858742687 0.18288447399831928 0.005206565787977137
43.262815548208 0.1831374399916577 0.0052592003618639445
43.26503250898914 0.1833886154919289 0.005312564626442476
43.26724946977027 0.18363789715739728 0.005366680917915623
43.2694664305514 0.183885181653935 0.005421571514612067
43.27168339133253 0.18413036541216762 0.005477258651891466
43.273900352113664 0.1843733444263405 0.005533764533827523
43.2761173128948 0.1846140483891425 0.0055911097289646945
43.27833427367593 0.18485245101198894 0.005649319129935262
43.28055123445706 0.1850883974030435 0.005708438955520179
43.28276819523819 0.18532169868315787 0.005768519391174638
43.284985156019324 0.18555215094647062 0.005829611570476373
43.28720211680046 0.18577953496995597 0.005891767608775072
43.28941907758159 0.18600361609489577 0.005955040620374635
43.29163603836272 0.18622414426652992 0.006019484719989392
43.29385299914385 0.18644085421905843 0.006085155009218671
43.296069959924985 0.18665346579400713 0.006152107548792356
43.29828692070612 0.18686168438078257 0.00622039931736803
43.30050388148725 0.18706520146891492 0.00629008815768061
43.30272084226838 0.18726369530212586 0.006361232710882749
43.30493780304951 0.18745683162488738 0.006433892339951785
43.307154763830646 0.18764426451257551 0.006508127043074244
43.30937172461178 0.18782563727671764 0.006583997357967622
43.31158868539291 0.18800058343710904 0.0066615642581309585
43.31380564617404 0.1881687278308543 0.006740889047236757
43.31602260695517 0.18832979332468125 0.006822040252377214
43.318239567736306 0.18848381053699959 0.006905107337159016
43.32045652851744 0.18863086197483364 0.006990183515381571
43.32267348929857 0.18877102515408023 0.0070773617860330346
43.3248904500797 0.18890437416128808 0.007166734848492581
43.32710741086083 0.18903098120894343 0.007258395018447321
43.32932437164197 0.18915091817627727 0.007352434145152603
43.3315413324231 0.18926425812783165 0.007448943530623656
43.333758293204234 0.18937107680227933 0.007548013851281719
43.33597525398536 0.18947145406433819 0.007649735082525124
43.338192214766494 0.18956547531303533 0.007754196426634683
43.34040917554763 0.18965323284005395 0.007861486244352206
43.34262613632876 0.1897348271324619 0.007971691990416729
43.344843097109894 0.1898103681147322 0.008084900153264964
43.34706005789102 0.18987997632565146 0.008201196199042127
43.349277018672154 0.18994378402643725 0.008320664520003546
43.35149397945329 0.19000193623715483 0.008443388387315433
43.35371094023442 0.19005459169931804 0.0085694499082143
43.355927901015555 0.1901019237633696 0.008698929987412687
43.35814486179668 0.1901441212005423 0.00883190829259142
43.360361822577815 0.19018138893940995 0.008968463223769079
43.36257878335895 0.19021394872820402 0.009108671886285589
43.36479574414008 0.1902420397247221 0.00925261006711251
43.367012704921216 0.19026591901634132 0.009400352214154192
43.36922966570234 0.1902858620732973 0.009551971418184807
43.371446626483475 0.19030217657486523 0.009707537832468284
43.37366358726461 0.1903152830648802 0.009867109247544862
43.37588054804574 0.19032565913302 0.010030737455224877
43.378097508826876 0.19033379830513433 0.010198472986329145
43.380314469608 0.19034020961325754 0.010370365137971937
43.382531430389136 0.19034541735349714 0.010546461977392027
43.38474839117027 0.19034995949058717 0.010726813378339793
43.3869653519514 0.19035437666502866 0.010911492670210502
43.38918231273254 0.1903592140384079 0.011100585352958157
43.39139927351366 0.19036502384832363 0.0112941781014935
43.3936162342948 0.19037239308855572 0.011492354356550232
43.39583319507593 0.19038229008469743 0.011695141225920318
43.398050155857064 0.19039592829216354 0.011902529703725392
43.4002671166382 0.19041449695899895 0.01211451528891887
43.402484077419324 0.1904391530008044 0.012331098833151716
43.40470103820046 0.19047101882073292 0.01255228646684229
43.40691799898159 0.19051118059326747 0.012778089440533711
43.409134959762724 0.1905606869581924 0.013008523891921905
43.41135192054386 0.1906205480788257 0.013243610547926164
43.413568881324984 0.19069173502595724 0.013483374370283312
43.41578584210612 0.19077517945576417 0.01372784415234515
43.41800280288725 0.19087177355605944 0.013977052074052334
43.420219763668385 0.1909823702404569 0.014231033221503632
43.42243672444952 0.1911077835743156 0.014489825077033586
43.424653685230645 0.19124878941966597 0.01475346698533658
43.42687064601178 0.19140612628873382 0.01502199960085807
43.42908760679291 0.19158049639720343 0.015295464321392732
43.431304567574045 0.1917725669091345 0.015573902712629959
43.43352152835518 0.19198296110961813 0.01585735612917279
43.435738489136305 0.19221196894205508 0.01614587083801944
43.43795544991744 0.19245950694824357 0.01643949825362456
43.44017241069857 0.1927254444813497 0.01673828800455005
43.442389371479706 0.19300962478363073 0.01704228699728947
43.44460633226084 0.19331186760091842 0.017351538858956427
43.44682329304197 0.1936319719157529 0.017666083397056824
43.4490402538231 0.19396971878503944 0.017985956078691225
43.45125721460423 0.19432487426770437 0.018311187531088045
43.45347417538537 0.19469719242749728 0.0186418030648718
43.4556911361665 0.1950864183959748 0.01897782222101739
43.457908096947634 0.19549229148072933 0.01931925834191066
43.46012505772876 0.1959145483042474 0.01966611816646359
43.462342018509894 0.19635292595935047 0.02001840144875336
43.46455897929103 0.196807165167968 0.02037610059917203
43.46677594007216 0.19727701343111603 0.02073920034668133
43.468992900853294 0.1977622281592157 0.021107677420330654
43.47120986163442 0.19826257977342637 0.021481500247861666
43.473426822415554 0.1987778547703452 0.021860628668909296
43.47564378319669 0.19930785874420584 0.022245013660016497
43.47786074397782 0.19985241936266304 0.022634597068499497
43.480077704758955 0.20041138929414262 0.02302931135198045
43.48229466554008 0.20098464908673797 0.02342907932029303
43.484511626321215 0.20157211000057434 0.02383381387637057
43.48672858710235 0.20217371679742854 0.024243417752638535
43.48894554788348 0.20278945049327823 0.024657783239445157
43.491162508664615 0.20341933108112872 0.025076791902009638
43.49337946944574 0.20406342023313834 0.025500314282400557
43.495596430226875 0.20472182399259314 0.025928209583076435
43.49781339100801 0.20539469546766304 0.026360325328516933
43.50003035178914 0.20608223754026256 0.026796497001542907
43.502247312570276 0.20678470560449316 0.027236547650891525
43.5044642733514 0.20750241035032985 0.027680287466642826
43.506681234132536 0.2082357206092974 0.02812751332007948
43.50889819491367 0.20898506615833107 0.028578008313504776
43.5111151556948 0.20975073927196353 0.029031622697793837
43.51333211647594 0.2105324655241892 0.029488449403754616
43.51554907725706 0.21132986629102296 0.029948638999480248
43.5177660380382 0.2121425644084571 0.03041235655340526
43.51998299881933 0.21297017746810395 0.030879783571104956
43.522199959600464 0.21381231124405267 0.03135111977682506
43.5244169203816 0.21466855325546746 0.031826584731964556
43.526633881162724 0.2155384664799246 0.03230641928052756
43.52885084194386 0.21642158324162675 0.03279088680987515
43.53106780272499 0.21731739930651148 0.03328027431393008
43.533284763506124 0.2182253682231317 0.033774893245427685
43.53550172428726 0.21914489595366188 0.034275080143671914
43.537718685068384 0.22007533584379102 0.034781197024739224
43.53993564584952 0.22101598398334707 0.03529363152205774
43.54215260663065 0.22196607501117427 0.03581279676676184
43.544369567411785 0.2229247784182489 0.03633913099928999
43.54658652819292 0.2238911954018259 0.03687309690612536
43.548803488974045 0.22486435632092613 0.037415180678536435
43.55102044975518 0.22584321879946162 0.03796589079348752
43.55323741053631 0.2268266665177933 0.03852575652048555
43.555454371317445 0.22781350872681572 0.03909532616206343
43.55767133209858 0.22880248051048144 0.03967516503956515
43.559888292879705 0.22979224381355784 0.04026585324001023
43.56210525366084 0.23078138924128858 0.040867983143841595
43.56432221444197 0.2317684386267423 0.04148215675718375
43.566539175223106 0.23275184835045143 0.04210898287589204
43.56875613600424 0.23373001338535865 0.042749074111813806
43.570973096785366 0.23470127202878688 0.04340304381444571
43.5731900575665 0.235663911272183 0.044071502923331146
43.57540701834763 0.23661617274906038 0.04475505678801608
43.57762397912877 0.2375562591923865 0.04545430199327634
43.5798409399099 0.23848234132449742 0.04616982322734809
43.58205790069103 0.23939256509607545 0.04690219023028422
43.58427486147216 0.2402850591857469 0.04765195485818178
43.58649182225329 0.24115794266856808 0.048419648296899785
43.58870878303443 0.24200933276036674 0.04920577845625045
43.59092574381556 0.24283735254523667 0.05001082757227597
43.59314270459669 0.24364013859577605 0.0508352500415036
43.59535966537782 0.24441584839959662 0.05167947050693158
43.597576626158954 0.245162667511077 0.05254388221103779
43.59979358694009 0.24587881635430706 0.05342884562663844
43.60201054772122 0.26265687994439474 0.06613879946252546
43.60422750850235 0.26369138718105245 0.06732046271541851
43.60644446928348 0.2646946886767466 0.0685340998567591
43.608661430064615 0.26566496576466553 0.06978021723953523
43.61087839084575 0.2666004452259259 0.0710592802549851
43.61309535162688 0.26749940295620084 0.07237171348803798
43.61531231240801 0.2683601671155484 0.07371790115636238
43.61752927318914 0.2691811207581727 0.07509818781313256
43.619746233970275 0.2699607039459008 0.07651287929133589
43.62196319475141 0.27069741535576275 0.07796224386592793
43.62418015553254 0.2713898133977999 0.07944651360885042
43.62639711631367 0.2720365168643704 0.08096588591137191
43.6286140770948 0.27263620513653836 0.08252052514804649
43.630831037875936 0.273187617976615 0.08411056445674472
43.63304799865707 0.2736895549387465 0.08573610761002134
43.6352649594382 0.27414087443136126 0.08739723095388496
43.63748192021933 0.2745404924666076 0.0890939853913769
43.63969888100046 0.27488738113252537 0.09082639838984265
43.641915841781596 0.2751805668236781 0.0925944759923111
43.64413280256273 0.27541912826549997 0.09439820481535147
43.64634976334386 0.275602194366576 0.09623755401742573
43.64856672412499 0.2757289419317312 0.09811247722373555
43.65078368490612 0.27579859326709444 0.10002291439543264
43.65300064568726 0.27581041370635717 0.10196879363277322
43.65521760646839 0.27576370908532344 0.10395003290377286
43.657434567249524 0.2756578231895788 0.10596654169138958
43.65965152803065 0.27549213519778465 0.10801822255395971
43.661868488811784 0.27526605714074415 0.11010497259507497
43.66408544959292 0.2749790313940664 0.1122266848402948
43.66630241037405 0.2746305282199508 0.11438324951952254
43.668519371155185 0.27422004337143896 0.11657455525472118
43.67073633193631 0.22907971514636793 0.3878028517504624
43.672953292717445 0.22661944890897276 0.398802719585364
43.67517025349858 0.2239814771205577 0.41012066832771166
43.67738721427971 0.2211622409115963 0.4217615350858617
43.679604175060845 0.21815818141256196 0.4337301569681708
43.68182113584197 0.2149657397539388 0.44603137108295554
43.684038096623105 0.2115813570661797 0.4586700145386508
43.68625505740424 0.2080014744797682 0.4716509244435745
43.68847201818537 0.20422253312517777 0.48497893790608293
43.690688978966506 0.2002409741328818 0.4986588920345327
43.69290593974763 0.19605323863336768 0.5126956239372344
43.695122900528766 0.19165576775708193 0.5270939707226346
43.6973398613099 0.18704500263451115 0.5418587694990457
43.69955682209103 0.18221738439612875 0.5569948573748235
43.701773782872166 0.1771693541724084 0.5725070714583248
43.70399074365329 0.17189735309384066 0.5884002488578542
43.706207704434426 0.16639782229086536 0.6046792266818708
43.70842466521556 0.1606672028939724 0.6213488420386799
43.71064162599669 0.15470193603363533 0.6384139320366382
43.71285858677783 0.14849846284032758 0.6558793337841022
43.71507554755895 0.14205322444454377 0.6737498843893707
43.71729250834009 0.13536266197671598 0.692030420960914
43.71950946912122 0.128423216567338 0.7107257806070326
43.721726429902354 0.12123132934688333 0.7298408004360826
43.72394339068349 0.1137834414458254 0.7493803175564203
43.726160351464614 0.10607599399466287 0.7693491690763381
43.72837731224575 0.09810542812381981 0.7897521921043199
43.73059427302688 0.08986818496379392 0.8105942237486586
43.732811233808015 0.08136070564505879 0.8318801011177115
43.73502819458915 0.07257943129808783 0.8536146613198342
43.737245155370275 0.063520803053384 0.8758027414633119
43.73946211615141 0.05418126204136278 0.8984491786566431
43.74167907693254 0.04455724939252617 0.9215588100081135
